200.00 122.00 129.00 121.00 130.00 123.00 129.00 122.00 130.00 123.00 127.00 122.00 128.00 123.00 128.00 126.00 127.00 123.00 130.00 124.00 129.00 124.00 130.00 124.00 127.00 123.00 127.00 123.00 128.00 122.00 130.00 124.00 129.00 123.00 128.00 124.00 128.00 123.00 128.00 124.00 128.00 124.00 125.00 125.00 125.00 125.00 124.00 126.00 124.00 127.00 123.00 126.00 127.00 125.00 126.00 126.00 124.00 125.00 127.00 128.00 125.00 126.00 127.00 128.00 126.00 127.00 125.00 127.00 125.00 126.00 124.00 126.00 123.00 126.00 120.00 127.00 126.00 128.00 123.00 
958.00 96.00 100.00 97.00 704.00 75.00 77.00 79.00 65.00 66.00 64.00 65.00 65.00 67.00 64.00 130.00 66.00 67.00 65.00 67.00 63.00 65.00 63.00 69.00 70.00 74.00 73.00 87.00 496.00 95.00 397.00 612.00 90.00 99.00 90.00 772.00 85.00 77.00 84.00 413.00 71.00 69.00 71.00 65.00 68.00 63.00 66.00 64.00 68.00 64.00 67.00 67.00 64.00 66.00 65.00 66.00 80.00 75.00 71.00 475.00 75.00 67.00 72.00 66.00 67.00 64.00 69.00 65.00 66.00 65.00 68.00 68.00 68.00 66.00 69.00 67.00 81.00 81.00 80.00 
577.00 22.00 31.00 25.00 908.00 13.00 22.00 16.00 2.00 4.00 3.00 2.00 16.00 15.00 23.00 908.00 22.00 339.00 33.00 9.00 9.00 5.00 2.00 1.00 3.00 22.00 21.00 36.00 924.00 56.00 937.00 942.00 40.00 56.00 33.00 904.00 31.00 37.00 33.00 897.00 21.00 25.00 17.00 2.00 3.00 3.00 2.00 3.00 2.00 3.00 2.00 3.00 14.00 27.00 15.00 758.00 21.00 30.00 25.00 904.00 21.00 23.00 18.00 5.00 4.00 2.00 2.00 2.00 3.00 2.00 2.00 2.00 2.00 2.00 2.00 2.00 15.00 17.00 15.00 
0.00 1.00 0.00 0.00 1.00 1.00 23.00 19.00 19.00 887.00 20.00 14.00 24.00 20.00 23.00 615.00 18.00 909.00 24.00 14.00 17.00 1.00 0.00 0.00 1.00 16.00 17.00 41.00 922.00 30.00 900.00 145.00 37.00 45.00 35.00 924.00 813.00 41.00 26.00 318.00 8.00 9.00 5.00 0.00 1.00 0.00 3.00 4.00 4.00 310.00 9.00 12.00 19.00 14.00 24.00 916.00 39.00 53.00 620.00 914.00 26.00 34.00 12.00 1.00 2.00 0.00 0.00 0.00 0.00 0.00 0.00 0.00 0.00 0.00 0.00 0.00 0.00 0.00 0.00 
1.00 1.00 1.00 1.00 2.00 1.00 14.00 14.00 15.00 901.00 17.00 17.00 26.00 1.00 8.00 11.00 7.00 328.00 6.00 4.00 7.00 0.00 1.00 2.00 1.00 16.00 23.00 29.00 906.00 37.00 934.00 68.00 615.00 58.00 376.00 678.00 777.00 32.00 20.00 10.00 2.00 0.00 2.00 0.00 4.00 1.00 14.00 21.00 19.00 893.00 9.00 23.00 44.00 16.00 23.00 923.00 44.00 43.00 927.00 920.00 35.00 35.00 24.00 1.00 1.00 0.00 1.00 0.00 1.00 0.00 1.00 0.00 1.00 0.00 1.00 1.00 2.00 1.00 1.00 
0.00 1.00 0.00 2.00 1.00 1.00 21.00 17.00 12.00 901.00 15.00 15.00 19.00 2.00 0.00 1.00 0.00 1.00 0.00 1.00 0.00 2.00 1.00 3.00 1.00 22.00 26.00 32.00 925.00 829.00 135.00 77.00 948.00 49.00 947.00 909.00 46.00 887.00 23.00 19.00 20.00 5.00 1.00 3.00 2.00 2.00 3.00 4.00 2.00 351.00 4.00 5.00 23.00 21.00 21.00 898.00 31.00 30.00 78.00 912.00 15.00 17.00 25.00 11.00 13.00 573.00 12.00 8.00 10.00 2.00 1.00 1.00 1.00 1.00 1.00 1.00 0.00 0.00 1.00 
0.00 0.00 0.00 0.00 0.00 0.00 5.00 10.00 21.00 412.00 14.00 498.00 12.00 12.00 13.00 1.00 1.00 1.00 0.00 0.00 0.00 0.00 0.00 0.00 1.00 17.00 28.00 28.00 916.00 923.00 34.00 52.00 121.00 24.00 531.00 725.00 45.00 905.00 245.00 25.00 16.00 7.00 7.00 14.00 8.00 396.00 6.00 4.00 4.00 1.00 0.00 0.00 24.00 26.00 15.00 903.00 33.00 31.00 868.00 670.00 28.00 25.00 296.00 19.00 24.00 911.00 19.00 5.00 17.00 1.00 1.00 1.00 0.00 0.00 0.00 0.00 0.00 0.00 0.00 
0.00 0.00 0.00 0.00 0.00 0.00 0.00 1.00 12.00 20.00 16.00 895.00 17.00 22.00 19.00 5.00 4.00 184.00 1.00 0.00 2.00 0.00 0.00 0.00 3.00 15.00 32.00 36.00 919.00 927.00 26.00 24.00 19.00 3.00 16.00 32.00 41.00 902.00 922.00 36.00 26.00 21.00 14.00 11.00 14.00 898.00 20.00 12.00 23.00 4.00 8.00 7.00 20.00 622.00 17.00 310.00 25.00 34.00 732.00 27.00 26.00 26.00 904.00 21.00 30.00 114.00 17.00 824.00 20.00 11.00 9.00 1.00 1.00 0.00 0.00 0.00 0.00 0.00 0.00 
0.00 0.00 0.00 0.00 0.00 0.00 1.00 0.00 15.00 11.00 17.00 910.00 13.00 17.00 35.00 14.00 21.00 907.00 14.00 13.00 13.00 0.00 0.00 7.00 9.00 29.00 442.00 40.00 919.00 501.00 19.00 18.00 14.00 1.00 16.00 15.00 31.00 465.00 465.00 931.00 35.00 25.00 37.00 20.00 13.00 903.00 17.00 14.00 13.00 0.00 13.00 15.00 23.00 899.00 16.00 18.00 15.00 3.00 1.00 20.00 21.00 18.00 886.00 28.00 29.00 22.00 18.00 902.00 17.00 15.00 19.00 1.00 0.00 1.00 0.00 0.00 0.00 0.00 0.00 
429.00 13.00 8.00 11.00 2.00 2.00 3.00 1.00 17.00 15.00 20.00 788.00 11.00 17.00 29.00 14.00 9.00 471.00 129.00 8.00 12.00 2.00 2.00 10.00 17.00 45.00 924.00 31.00 929.00 29.00 14.00 13.00 2.00 10.00 14.00 12.00 515.00 31.00 35.00 1201.00 26.00 25.00 38.00 19.00 15.00 917.00 13.00 13.00 19.00 4.00 17.00 21.00 14.00 908.00 26.00 11.00 13.00 3.00 5.00 20.00 17.00 25.00 885.00 18.00 31.00 38.00 22.00 894.00 19.00 22.00 22.00 4.00 0.00 2.00 1.00 2.00 5.00 10.00 11.00 
885.00 24.00 16.00 27.00 1.00 0.00 0.00 0.00 0.00 0.00 0.00 0.00 1.00 0.00 1.00 13.00 18.00 17.00 889.00 23.00 19.00 18.00 2.00 7.00 12.00 23.00 262.00 796.00 158.00 692.00 30.00 12.00 8.00 10.00 10.00 16.00 939.00 31.00 33.00 924.00 18.00 12.00 20.00 19.00 10.00 913.00 16.00 13.00 15.00 0.00 23.00 15.00 13.00 901.00 13.00 19.00 14.00 1.00 2.00 17.00 19.00 15.00 894.00 20.00 32.00 28.00 18.00 899.00 20.00 19.00 16.00 1.00 0.00 1.00 2.00 0.00 10.00 19.00 16.00 
894.00 25.00 12.00 12.00 0.00 0.00 0.00 0.00 0.00 0.00 0.00 0.00 0.00 1.00 1.00 14.00 20.00 17.00 896.00 21.00 18.00 11.00 1.00 1.00 12.00 11.00 35.00 927.00 22.00 898.00 34.00 20.00 34.00 18.00 19.00 16.00 913.00 29.00 34.00 863.00 22.00 74.00 29.00 19.00 26.00 897.00 17.00 19.00 14.00 1.00 24.00 16.00 16.00 895.00 12.00 16.00 17.00 4.00 5.00 149.00 14.00 11.00 780.00 14.00 24.00 26.00 21.00 892.00 16.00 14.00 29.00 0.00 0.00 2.00 1.00 0.00 21.00 17.00 17.00 
904.00 20.00 17.00 11.00 0.00 0.00 0.00 0.00 0.00 0.00 1.00 0.00 0.00 2.00 0.00 23.00 14.00 17.00 900.00 16.00 16.00 12.00 1.00 2.00 18.00 13.00 14.00 896.00 22.00 33.00 27.00 20.00 891.00 34.00 30.00 39.00 905.00 23.00 33.00 29.00 24.00 891.00 31.00 37.00 40.00 896.00 16.00 18.00 16.00 0.00 16.00 21.00 17.00 915.00 8.00 12.00 22.00 9.00 17.00 906.00 16.00 18.00 20.00 2.00 14.00 12.00 19.00 916.00 14.00 14.00 10.00 0.00 1.00 1.00 0.00 0.00 16.00 15.00 17.00 
910.00 16.00 21.00 16.00 1.00 0.00 0.00 0.00 0.00 0.00 0.00 0.00 1.00 0.00 0.00 15.00 12.00 18.00 906.00 17.00 16.00 14.00 1.00 1.00 20.00 18.00 16.00 893.00 12.00 32.00 37.00 24.00 891.00 38.00 30.00 40.00 885.00 23.00 40.00 38.00 14.00 889.00 29.00 33.00 30.00 906.00 23.00 17.00 18.00 2.00 14.00 16.00 7.00 908.00 23.00 16.00 36.00 12.00 17.00 899.00 16.00 20.00 13.00 3.00 19.00 18.00 14.00 898.00 19.00 16.00 17.00 0.00 0.00 1.00 0.00 0.00 12.00 10.00 13.00 
891.00 25.00 18.00 17.00 0.00 0.00 0.00 0.00 0.00 0.00 0.00 0.00 0.00 2.00 0.00 13.00 18.00 15.00 913.00 10.00 16.00 12.00 0.00 4.00 20.00 12.00 18.00 913.00 14.00 27.00 20.00 18.00 902.00 34.00 27.00 37.00 911.00 17.00 27.00 32.00 16.00 900.00 29.00 34.00 38.00 902.00 14.00 21.00 13.00 1.00 5.00 11.00 18.00 184.00 737.00 19.00 25.00 29.00 19.00 907.00 11.00 17.00 18.00 1.00 20.00 14.00 13.00 910.00 16.00 16.00 10.00 0.00 0.00 0.00 0.00 1.00 11.00 19.00 18.00 
896.00 22.00 17.00 10.00 0.00 1.00 0.00 0.00 0.00 0.00 0.00 0.00 0.00 0.00 0.00 20.00 11.00 16.00 904.00 17.00 16.00 15.00 1.00 2.00 14.00 15.00 12.00 917.00 16.00 32.00 29.00 15.00 888.00 34.00 44.00 38.00 890.00 15.00 39.00 38.00 19.00 892.00 41.00 34.00 33.00 901.00 13.00 13.00 15.00 0.00 2.00 18.00 22.00 22.00 889.00 18.00 29.00 32.00 18.00 912.00 15.00 7.00 17.00 1.00 20.00 16.00 17.00 906.00 10.00 14.00 13.00 1.00 2.00 1.00 0.00 1.00 17.00 18.00 17.00 
917.00 19.00 10.00 19.00 0.00 0.00 0.00 0.00 0.00 0.00 0.00 0.00 1.00 1.00 1.00 20.00 16.00 17.00 902.00 19.00 13.00 10.00 0.00 0.00 22.00 9.00 14.00 912.00 10.00 32.00 35.00 24.00 890.00 27.00 33.00 39.00 895.00 26.00 27.00 32.00 15.00 903.00 38.00 31.00 37.00 893.00 13.00 18.00 21.00 2.00 4.00 15.00 25.00 17.00 894.00 17.00 34.00 24.00 17.00 905.00 19.00 18.00 14.00 0.00 18.00 14.00 23.00 887.00 23.00 16.00 14.00 1.00 1.00 2.00 0.00 0.00 12.00 14.00 9.00 
911.00 14.00 8.00 17.00 0.00 0.00 0.00 0.00 0.00 0.00 0.00 0.00 0.00 0.00 0.00 22.00 15.00 15.00 895.00 22.00 16.00 14.00 2.00 0.00 19.00 20.00 16.00 894.00 17.00 32.00 38.00 20.00 891.00 36.00 36.00 27.00 900.00 36.00 31.00 28.00 836.00 94.00 30.00 38.00 13.00 896.00 19.00 12.00 19.00 0.00 1.00 12.00 10.00 25.00 921.00 14.00 23.00 17.00 16.00 912.00 16.00 13.00 22.00 0.00 16.00 14.00 16.00 904.00 14.00 13.00 20.00 0.00 0.00 2.00 0.00 2.00 15.00 17.00 16.00 
903.00 11.00 15.00 20.00 1.00 1.00 0.00 0.00 0.00 0.00 0.00 0.00 0.00 0.00 0.00 8.00 18.00 18.00 923.00 10.00 10.00 14.00 3.00 4.00 255.00 14.00 18.00 668.00 15.00 33.00 24.00 14.00 897.00 39.00 35.00 29.00 905.00 32.00 25.00 27.00 910.00 13.00 40.00 38.00 16.00 894.00 16.00 17.00 15.00 1.00 4.00 14.00 12.00 18.00 892.00 21.00 35.00 36.00 20.00 904.00 16.00 15.00 15.00 1.00 13.00 14.00 15.00 907.00 13.00 19.00 16.00 1.00 0.00 1.00 0.00 1.00 19.00 14.00 15.00 
903.00 22.00 11.00 9.00 1.00 0.00 1.00 0.00 0.00 0.00 0.00 0.00 0.00 0.00 0.00 15.00 16.00 19.00 894.00 20.00 18.00 36.00 18.00 22.00 886.00 19.00 15.00 18.00 2.00 18.00 16.00 16.00 893.00 34.00 32.00 35.00 907.00 32.00 29.00 30.00 917.00 15.00 32.00 28.00 16.00 913.00 12.00 21.00 6.00 0.00 0.00 20.00 15.00 12.00 909.00 15.00 44.00 26.00 18.00 896.00 23.00 10.00 12.00 2.00 18.00 23.00 14.00 904.00 13.00 14.00 11.00 1.00 0.00 0.00 1.00 0.00 13.00 16.00 23.00 
907.00 15.00 20.00 14.00 0.00 0.00 0.00 0.00 0.00 0.00 0.00 0.00 0.00 0.00 0.00 4.00 2.00 2.00 171.00 3.00 4.00 24.00 19.00 16.00 901.00 20.00 15.00 16.00 7.00 18.00 17.00 401.00 515.00 39.00 43.00 44.00 906.00 750.00 49.00 32.00 514.00 438.00 28.00 24.00 22.00 906.00 15.00 20.00 11.00 0.00 3.00 22.00 14.00 13.00 896.00 17.00 39.00 25.00 19.00 897.00 22.00 18.00 17.00 2.00 19.00 14.00 19.00 900.00 15.00 19.00 11.00 0.00 2.00 1.00 2.00 1.00 17.00 13.00 11.00 
900.00 20.00 15.00 12.00 0.00 0.00 0.00 0.00 0.00 0.00 0.00 0.00 0.00 0.00 0.00 0.00 0.00 0.00 0.00 0.00 1.00 10.00 17.00 14.00 902.00 14.00 19.00 24.00 20.00 24.00 16.00 884.00 25.00 47.00 43.00 37.00 922.00 831.00 42.00 39.00 31.00 906.00 29.00 34.00 33.00 904.00 14.00 20.00 13.00 1.00 83.00 16.00 9.00 20.00 915.00 15.00 20.00 31.00 15.00 906.00 19.00 21.00 12.00 3.00 15.00 14.00 12.00 906.00 13.00 23.00 15.00 1.00 2.00 1.00 1.00 1.00 13.00 18.00 17.00 
919.00 11.00 12.00 10.00 0.00 1.00 0.00 0.00 0.00 0.00 0.00 0.00 0.00 0.00 0.00 0.00 0.00 0.00 0.00 0.00 0.00 14.00 20.00 11.00 899.00 16.00 16.00 21.00 6.00 8.00 21.00 273.00 654.00 29.00 38.00 25.00 890.00 23.00 30.00 31.00 15.00 920.00 22.00 28.00 27.00 905.00 25.00 34.00 31.00 21.00 916.00 20.00 212.00 33.00 721.00 13.00 28.00 36.00 16.00 908.00 13.00 16.00 12.00 3.00 23.00 10.00 7.00 905.00 20.00 17.00 16.00 2.00 0.00 0.00 0.00 0.00 14.00 15.00 18.00 
900.00 18.00 15.00 13.00 1.00 0.00 1.00 0.00 0.00 0.00 0.00 0.00 0.00 0.00 0.00 0.00 0.00 1.00 1.00 1.00 0.00 13.00 8.00 18.00 913.00 13.00 16.00 16.00 3.00 13.00 24.00 12.00 900.00 29.00 27.00 39.00 890.00 24.00 34.00 29.00 19.00 899.00 34.00 33.00 35.00 686.00 11.00 243.00 22.00 19.00 603.00 16.00 930.00 32.00 22.00 19.00 344.00 29.00 19.00 818.00 17.00 15.00 107.00 2.00 16.00 25.00 13.00 898.00 19.00 12.00 18.00 1.00 0.00 0.00 2.00 0.00 15.00 17.00 18.00 
893.00 17.00 20.00 14.00 2.00 1.00 0.00 0.00 0.00 0.00 0.00 0.00 0.00 0.00 0.00 0.00 1.00 0.00 2.00 2.00 0.00 23.00 10.00 20.00 900.00 12.00 14.00 18.00 1.00 13.00 18.00 14.00 891.00 44.00 36.00 34.00 898.00 16.00 40.00 31.00 9.00 912.00 15.00 15.00 27.00 17.00 16.00 908.00 11.00 31.00 34.00 17.00 906.00 19.00 32.00 29.00 911.00 21.00 12.00 30.00 17.00 15.00 901.00 22.00 31.00 30.00 14.00 915.00 20.00 10.00 15.00 0.00 0.00 0.00 0.00 1.00 12.00 18.00 22.00 
898.00 20.00 15.00 14.00 1.00 0.00 1.00 0.00 0.00 0.00 0.00 0.00 0.00 0.00 0.00 0.00 0.00 0.00 0.00 1.00 0.00 17.00 18.00 17.00 897.00 19.00 12.00 17.00 0.00 18.00 19.00 11.00 907.00 32.00 29.00 35.00 891.00 19.00 38.00 32.00 16.00 903.00 14.00 17.00 32.00 14.00 15.00 909.00 16.00 26.00 31.00 16.00 914.00 21.00 22.00 18.00 325.00 6.00 6.00 21.00 14.00 20.00 905.00 15.00 26.00 32.00 18.00 910.00 37.00 26.00 21.00 577.00 7.00 9.00 12.00 0.00 11.00 23.00 17.00 
891.00 15.00 12.00 22.00 0.00 1.00 0.00 0.00 0.00 0.00 0.00 0.00 0.00 0.00 0.00 0.00 0.00 0.00 1.00 0.00 1.00 15.00 22.00 10.00 912.00 13.00 14.00 12.00 3.00 19.00 13.00 15.00 906.00 32.00 28.00 30.00 916.00 16.00 19.00 24.00 14.00 912.00 19.00 22.00 23.00 13.00 19.00 912.00 14.00 28.00 34.00 9.00 921.00 19.00 8.00 13.00 0.00 3.00 2.00 17.00 11.00 10.00 897.00 25.00 19.00 37.00 18.00 26.00 906.00 31.00 28.00 913.00 18.00 16.00 20.00 4.00 20.00 10.00 27.00 
903.00 16.00 9.00 18.00 1.00 0.00 1.00 0.00 0.00 0.00 0.00 0.00 0.00 0.00 0.00 0.00 0.00 0.00 0.00 0.00 1.00 11.00 21.00 24.00 895.00 20.00 16.00 15.00 8.00 22.00 12.00 479.00 436.00 41.00 31.00 21.00 900.00 17.00 27.00 36.00 13.00 904.00 19.00 15.00 31.00 23.00 15.00 897.00 13.00 42.00 36.00 20.00 901.00 11.00 18.00 7.00 1.00 8.00 10.00 19.00 612.00 6.00 309.00 17.00 12.00 24.00 26.00 14.00 892.00 30.00 34.00 100.00 842.00 16.00 12.00 19.00 20.00 16.00 15.00 
886.00 21.00 16.00 24.00 0.00 1.00 0.00 5.00 3.00 183.00 5.00 1.00 6.00 1.00 0.00 0.00 0.00 0.00 1.00 0.00 3.00 17.00 15.00 17.00 890.00 21.00 22.00 16.00 22.00 18.00 20.00 900.00 17.00 28.00 30.00 15.00 901.00 21.00 34.00 32.00 20.00 892.00 24.00 18.00 26.00 11.00 89.00 853.00 12.00 30.00 17.00 16.00 900.00 19.00 18.00 13.00 2.00 14.00 16.00 14.00 907.00 20.00 21.00 8.00 1.00 20.00 17.00 15.00 906.00 21.00 32.00 21.00 724.00 18.00 9.00 11.00 18.00 23.00 12.00 
883.00 18.00 15.00 20.00 2.00 0.00 17.00 16.00 8.00 909.00 12.00 18.00 20.00 0.00 2.00 0.00 0.00 0.00 1.00 1.00 0.00 14.00 14.00 15.00 905.00 14.00 21.00 16.00 16.00 12.00 22.00 896.00 21.00 30.00 40.00 14.00 894.00 25.00 30.00 27.00 18.00 907.00 20.00 38.00 27.00 16.00 885.00 19.00 20.00 33.00 17.00 23.00 895.00 13.00 18.00 22.00 1.00 15.00 16.00 20.00 894.00 21.00 16.00 16.00 2.00 13.00 12.00 23.00 907.00 14.00 12.00 19.00 0.00 1.00 1.00 1.00 22.00 16.00 19.00 
898.00 11.00 19.00 24.00 1.00 2.00 16.00 19.00 14.00 907.00 11.00 11.00 17.00 2.00 2.00 0.00 0.00 0.00 1.00 1.00 0.00 25.00 11.00 14.00 910.00 14.00 17.00 11.00 16.00 21.00 17.00 889.00 25.00 31.00 27.00 21.00 895.00 20.00 34.00 28.00 16.00 901.00 13.00 25.00 25.00 24.00 592.00 18.00 333.00 21.00 26.00 23.00 902.00 17.00 21.00 14.00 1.00 25.00 22.00 19.00 888.00 13.00 10.00 23.00 0.00 21.00 14.00 12.00 901.00 10.00 20.00 17.00 0.00 4.00 0.00 0.00 18.00 16.00 13.00 
903.00 24.00 17.00 18.00 0.00 3.00 18.00 8.00 13.00 909.00 16.00 13.00 20.00 0.00 0.00 0.00 0.00 0.00 0.00 0.00 2.00 19.00 23.00 18.00 903.00 14.00 7.00 17.00 23.00 17.00 20.00 884.00 17.00 29.00 41.00 19.00 895.00 20.00 33.00 35.00 24.00 902.00 8.00 19.00 13.00 15.00 18.00 17.00 908.00 28.00 40.00 27.00 892.00 15.00 14.00 22.00 1.00 14.00 17.00 16.00 894.00 16.00 27.00 17.00 3.00 21.00 16.00 26.00 885.00 15.00 19.00 15.00 0.00 1.00 0.00 0.00 13.00 8.00 16.00 
890.00 18.00 19.00 19.00 5.00 1.00 19.00 16.00 13.00 915.00 12.00 9.00 13.00 0.00 0.00 0.00 0.00 0.00 1.00 1.00 0.00 16.00 15.00 21.00 895.00 18.00 16.00 17.00 12.00 20.00 23.00 901.00 17.00 31.00 23.00 14.00 909.00 19.00 27.00 31.00 27.00 899.00 14.00 17.00 15.00 12.00 25.00 16.00 897.00 37.00 28.00 29.00 905.00 14.00 16.00 20.00 3.00 15.00 13.00 19.00 894.00 19.00 15.00 23.00 2.00 18.00 16.00 13.00 908.00 16.00 16.00 11.00 0.00 1.00 1.00 0.00 15.00 20.00 15.00 
889.00 18.00 22.00 15.00 0.00 0.00 17.00 17.00 14.00 903.00 13.00 20.00 14.00 0.00 1.00 0.00 0.00 0.00 1.00 0.00 1.00 18.00 17.00 17.00 896.00 9.00 21.00 23.00 15.00 23.00 16.00 897.00 12.00 25.00 27.00 18.00 491.00 432.00 36.00 24.00 30.00 903.00 19.00 14.00 17.00 20.00 17.00 18.00 893.00 38.00 34.00 30.00 899.00 20.00 11.00 18.00 6.00 20.00 17.00 20.00 891.00 20.00 12.00 14.00 0.00 12.00 18.00 11.00 916.00 11.00 20.00 10.00 2.00 0.00 1.00 1.00 17.00 17.00 21.00 
907.00 10.00 17.00 13.00 0.00 1.00 26.00 22.00 16.00 893.00 16.00 15.00 12.00 0.00 0.00 0.00 0.00 0.00 1.00 0.00 2.00 13.00 12.00 16.00 896.00 20.00 23.00 16.00 17.00 20.00 15.00 902.00 13.00 20.00 26.00 14.00 21.00 902.00 33.00 29.00 43.00 900.00 18.00 31.00 29.00 25.00 830.00 18.00 84.00 24.00 18.00 17.00 893.00 23.00 15.00 20.00 4.00 22.00 18.00 19.00 897.00 15.00 10.00 15.00 0.00 17.00 12.00 9.00 917.00 14.00 9.00 20.00 1.00 2.00 1.00 1.00 12.00 23.00 15.00 
914.00 10.00 10.00 19.00 0.00 1.00 13.00 17.00 8.00 906.00 19.00 14.00 18.00 2.00 1.00 0.00 0.00 0.00 0.00 1.00 1.00 14.00 16.00 19.00 902.00 15.00 12.00 18.00 10.00 15.00 29.00 901.00 14.00 15.00 33.00 23.00 18.00 900.00 34.00 35.00 29.00 892.00 14.00 33.00 38.00 15.00 888.00 32.00 21.00 28.00 19.00 19.00 889.00 20.00 23.00 14.00 1.00 13.00 22.00 15.00 900.00 13.00 21.00 19.00 1.00 11.00 14.00 15.00 908.00 17.00 17.00 8.00 2.00 3.00 2.00 2.00 12.00 18.00 15.00 
891.00 23.00 23.00 18.00 1.00 1.00 14.00 14.00 18.00 911.00 15.00 10.00 13.00 2.00 1.00 0.00 0.00 0.00 0.00 0.00 2.00 19.00 20.00 15.00 873.00 31.00 25.00 19.00 22.00 21.00 11.00 893.00 20.00 14.00 29.00 16.00 13.00 913.00 30.00 30.00 34.00 905.00 14.00 30.00 29.00 19.00 908.00 15.00 12.00 35.00 15.00 14.00 904.00 16.00 19.00 19.00 1.00 21.00 12.00 15.00 906.00 10.00 16.00 13.00 1.00 16.00 17.00 20.00 878.00 23.00 27.00 18.00 1.00 0.00 1.00 0.00 20.00 9.00 16.00 
52.00 875.00 18.00 9.00 12.00 1.00 16.00 22.00 15.00 900.00 19.00 12.00 16.00 0.00 1.00 0.00 0.00 0.00 0.00 2.00 1.00 14.00 11.00 17.00 906.00 20.00 17.00 12.00 10.00 17.00 19.00 905.00 12.00 19.00 36.00 18.00 19.00 891.00 24.00 35.00 38.00 900.00 18.00 36.00 35.00 18.00 912.00 17.00 14.00 19.00 12.00 13.00 915.00 22.00 13.00 13.00 2.00 17.00 18.00 12.00 903.00 17.00 16.00 15.00 0.00 16.00 16.00 11.00 921.00 14.00 6.00 13.00 2.00 1.00 0.00 1.00 1.00 12.00 18.00 
16.00 890.00 22.00 15.00 19.00 2.00 9.00 17.00 17.00 895.00 20.00 21.00 20.00 0.00 0.00 1.00 0.00 0.00 1.00 0.00 1.00 11.00 24.00 7.00 901.00 18.00 18.00 18.00 15.00 24.00 15.00 896.00 18.00 22.00 24.00 23.00 15.00 900.00 34.00 45.00 32.00 900.00 13.00 29.00 32.00 23.00 894.00 21.00 15.00 22.00 15.00 14.00 906.00 19.00 19.00 13.00 4.00 19.00 9.00 14.00 913.00 18.00 12.00 14.00 0.00 14.00 17.00 15.00 895.00 19.00 14.00 24.00 1.00 1.00 1.00 0.00 1.00 17.00 17.00 
10.00 911.00 15.00 16.00 13.00 1.00 12.00 14.00 11.00 912.00 19.00 17.00 11.00 2.00 0.00 1.00 0.00 1.00 0.00 0.00 2.00 15.00 20.00 19.00 893.00 14.00 16.00 18.00 21.00 10.00 17.00 902.00 14.00 17.00 35.00 16.00 25.00 904.00 29.00 31.00 37.00 900.00 18.00 33.00 27.00 15.00 906.00 15.00 18.00 39.00 13.00 11.00 906.00 20.00 9.00 12.00 3.00 16.00 23.00 9.00 899.00 23.00 14.00 13.00 1.00 19.00 17.00 15.00 910.00 16.00 9.00 14.00 1.00 0.00 0.00 0.00 1.00 10.00 24.00 
16.00 909.00 17.00 17.00 10.00 0.00 17.00 20.00 21.00 901.00 14.00 13.00 15.00 0.00 0.00 0.00 0.00 0.00 1.00 1.00 1.00 13.00 20.00 17.00 896.00 16.00 15.00 20.00 18.00 11.00 18.00 902.00 23.00 14.00 27.00 13.00 19.00 900.00 35.00 38.00 31.00 903.00 20.00 27.00 30.00 48.00 877.00 15.00 16.00 33.00 19.00 12.00 907.00 16.00 12.00 14.00 2.00 21.00 14.00 19.00 894.00 18.00 13.00 18.00 2.00 24.00 19.00 15.00 892.00 20.00 18.00 13.00 0.00 0.00 0.00 0.00 0.00 16.00 14.00 
23.00 892.00 12.00 23.00 14.00 4.00 13.00 21.00 13.00 910.00 17.00 14.00 11.00 0.00 0.00 0.00 0.00 0.00 1.00 1.00 0.00 21.00 23.00 16.00 901.00 11.00 18.00 11.00 11.00 19.00 17.00 902.00 14.00 16.00 31.00 18.00 15.00 903.00 40.00 33.00 35.00 893.00 37.00 31.00 30.00 897.00 22.00 20.00 16.00 17.00 18.00 12.00 907.00 18.00 15.00 9.00 1.00 14.00 10.00 17.00 926.00 14.00 12.00 5.00 2.00 25.00 14.00 10.00 908.00 18.00 10.00 14.00 1.00 0.00 0.00 0.00 0.00 18.00 15.00 
21.00 897.00 17.00 21.00 17.00 2.00 20.00 20.00 13.00 902.00 17.00 15.00 10.00 0.00 1.00 0.00 0.00 0.00 2.00 0.00 1.00 22.00 20.00 17.00 894.00 15.00 16.00 15.00 20.00 19.00 73.00 840.00 21.00 17.00 25.00 18.00 22.00 905.00 27.00 24.00 34.00 894.00 30.00 31.00 44.00 621.00 15.00 292.00 7.00 25.00 28.00 17.00 902.00 9.00 20.00 18.00 1.00 15.00 19.00 22.00 889.00 22.00 13.00 18.00 2.00 19.00 15.00 13.00 906.00 14.00 16.00 15.00 1.00 0.00 0.00 1.00 0.00 16.00 10.00 
20.00 903.00 15.00 15.00 15.00 0.00 21.00 18.00 13.00 897.00 16.00 14.00 15.00 1.00 0.00 0.00 0.00 1.00 0.00 1.00 0.00 8.00 15.00 21.00 918.00 11.00 20.00 24.00 14.00 12.00 916.00 15.00 7.00 16.00 14.00 20.00 16.00 888.00 41.00 31.00 35.00 912.00 14.00 12.00 29.00 11.00 15.00 915.00 15.00 21.00 42.00 11.00 916.00 16.00 10.00 15.00 1.00 16.00 9.00 17.00 916.00 16.00 14.00 13.00 0.00 12.00 14.00 11.00 916.00 12.00 23.00 11.00 0.00 1.00 0.00 0.00 2.00 19.00 16.00 
16.00 896.00 13.00 17.00 11.00 1.00 17.00 13.00 12.00 906.00 19.00 14.00 16.00 0.00 1.00 1.00 0.00 0.00 0.00 0.00 0.00 9.00 21.00 15.00 901.00 21.00 16.00 33.00 21.00 16.00 902.00 12.00 20.00 14.00 17.00 13.00 26.00 894.00 31.00 27.00 34.00 903.00 14.00 25.00 33.00 19.00 20.00 909.00 10.00 26.00 26.00 19.00 901.00 18.00 22.00 12.00 3.00 11.00 17.00 16.00 899.00 12.00 27.00 15.00 1.00 16.00 18.00 14.00 899.00 13.00 17.00 21.00 1.00 0.00 1.00 0.00 0.00 25.00 21.00 
22.00 881.00 21.00 19.00 16.00 1.00 16.00 18.00 18.00 902.00 21.00 10.00 16.00 0.00 0.00 0.00 0.00 0.00 0.00 1.00 0.00 13.00 20.00 10.00 914.00 16.00 14.00 32.00 12.00 7.00 915.00 17.00 19.00 25.00 29.00 23.00 371.00 519.00 37.00 38.00 22.00 906.00 9.00 17.00 34.00 10.00 17.00 904.00 15.00 30.00 37.00 12.00 906.00 19.00 17.00 13.00 2.00 20.00 12.00 13.00 908.00 13.00 16.00 15.00 1.00 12.00 15.00 16.00 897.00 16.00 18.00 23.00 1.00 1.00 1.00 0.00 1.00 20.00 18.00 
18.00 905.00 10.00 10.00 23.00 2.00 17.00 17.00 28.00 895.00 10.00 10.00 23.00 0.00 0.00 0.00 0.00 0.00 0.00 0.00 1.00 6.00 18.00 19.00 236.00 674.00 21.00 28.00 35.00 16.00 897.00 22.00 13.00 25.00 17.00 12.00 909.00 20.00 31.00 27.00 12.00 911.00 28.00 32.00 30.00 794.00 17.00 126.00 19.00 18.00 19.00 21.00 896.00 19.00 18.00 14.00 2.00 17.00 9.00 18.00 892.00 17.00 25.00 16.00 0.00 21.00 17.00 17.00 889.00 20.00 18.00 20.00 1.00 0.00 0.00 0.00 0.00 12.00 20.00 
13.00 918.00 12.00 18.00 10.00 2.00 24.00 23.00 16.00 879.00 17.00 17.00 17.00 0.00 2.00 0.00 0.00 0.00 0.00 0.00 1.00 1.00 45.00 17.00 20.00 866.00 17.00 31.00 30.00 28.00 888.00 27.00 15.00 27.00 17.00 14.00 901.00 12.00 35.00 32.00 18.00 903.00 31.00 35.00 25.00 758.00 22.00 165.00 15.00 18.00 14.00 14.00 904.00 16.00 18.00 17.00 2.00 14.00 17.00 10.00 877.00 41.00 27.00 14.00 1.00 15.00 16.00 16.00 906.00 16.00 19.00 12.00 0.00 0.00 0.00 0.00 0.00 17.00 15.00 
15.00 893.00 24.00 16.00 16.00 3.00 23.00 16.00 19.00 892.00 16.00 18.00 11.00 1.00 0.00 0.00 0.00 1.00 0.00 15.00 19.00 14.00 906.00 17.00 16.00 11.00 5.00 17.00 15.00 17.00 914.00 8.00 10.00 26.00 22.00 18.00 891.00 16.00 18.00 37.00 12.00 68.00 861.00 14.00 28.00 30.00 20.00 900.00 26.00 24.00 35.00 13.00 892.00 27.00 16.00 18.00 2.00 2.00 18.00 13.00 16.00 903.00 20.00 21.00 9.00 15.00 24.00 12.00 896.00 19.00 13.00 18.00 1.00 0.00 1.00 3.00 0.00 17.00 17.00 
21.00 889.00 19.00 17.00 12.00 1.00 18.00 13.00 17.00 896.00 14.00 17.00 24.00 1.00 0.00 1.00 0.00 0.00 0.00 15.00 25.00 20.00 894.00 15.00 15.00 18.00 5.00 16.00 18.00 16.00 892.00 16.00 19.00 37.00 20.00 16.00 897.00 23.00 18.00 19.00 16.00 16.00 909.00 16.00 26.00 36.00 18.00 893.00 21.00 31.00 37.00 15.00 908.00 15.00 12.00 13.00 0.00 3.00 11.00 22.00 19.00 905.00 12.00 15.00 18.00 12.00 14.00 18.00 909.00 15.00 14.00 14.00 1.00 1.00 1.00 0.00 2.00 15.00 23.00 
16.00 907.00 7.00 14.00 17.00 2.00 15.00 15.00 12.00 895.00 24.00 17.00 18.00 3.00 1.00 0.00 1.00 0.00 2.00 28.00 24.00 11.00 886.00 17.00 13.00 15.00 0.00 17.00 16.00 14.00 907.00 24.00 16.00 24.00 11.00 16.00 898.00 16.00 24.00 33.00 9.00 20.00 910.00 19.00 30.00 30.00 18.00 899.00 14.00 31.00 30.00 17.00 905.00 20.00 17.00 16.00 1.00 1.00 16.00 13.00 12.00 917.00 16.00 13.00 14.00 15.00 9.00 22.00 909.00 13.00 11.00 16.00 1.00 1.00 2.00 1.00 1.00 18.00 17.00 
19.00 907.00 16.00 10.00 18.00 1.00 20.00 10.00 13.00 913.00 18.00 14.00 10.00 0.00 1.00 0.00 0.00 0.00 1.00 17.00 18.00 21.00 886.00 16.00 17.00 23.00 0.00 16.00 17.00 17.00 896.00 13.00 25.00 40.00 15.00 15.00 909.00 10.00 17.00 35.00 16.00 19.00 897.00 12.00 40.00 39.00 11.00 901.00 17.00 24.00 24.00 27.00 901.00 10.00 17.00 20.00 0.00 2.00 16.00 16.00 24.00 893.00 15.00 19.00 16.00 14.00 17.00 12.00 910.00 11.00 14.00 20.00 1.00 0.00 1.00 1.00 0.00 15.00 14.00 
6.00 484.00 17.00 10.00 11.00 3.00 25.00 15.00 12.00 885.00 15.00 19.00 19.00 2.00 1.00 0.00 0.00 0.00 0.00 16.00 18.00 11.00 896.00 19.00 21.00 19.00 1.00 19.00 16.00 23.00 888.00 18.00 18.00 35.00 16.00 507.00 412.00 23.00 16.00 21.00 15.00 13.00 910.00 19.00 36.00 37.00 18.00 902.00 13.00 23.00 30.00 14.00 910.00 23.00 6.00 14.00 4.00 2.00 16.00 9.00 14.00 920.00 12.00 11.00 17.00 11.00 19.00 21.00 906.00 18.00 11.00 13.00 0.00 0.00 0.00 5.00 8.00 18.00 445.00 
15.00 13.00 11.00 0.00 0.00 1.00 7.00 17.00 13.00 917.00 13.00 14.00 18.00 0.00 0.00 0.00 0.00 0.00 0.00 21.00 16.00 14.00 902.00 15.00 17.00 17.00 0.00 18.00 15.00 12.00 908.00 17.00 28.00 36.00 29.00 887.00 17.00 15.00 19.00 24.00 23.00 17.00 876.00 29.00 38.00 37.00 906.00 19.00 15.00 28.00 23.00 16.00 906.00 11.00 9.00 19.00 1.00 2.00 9.00 19.00 20.00 891.00 19.00 20.00 20.00 15.00 26.00 24.00 878.00 28.00 13.00 16.00 3.00 1.00 0.00 20.00 13.00 10.00 914.00 
16.00 11.00 17.00 1.00 3.00 2.00 14.00 16.00 18.00 902.00 15.00 17.00 12.00 1.00 1.00 1.00 0.00 1.00 2.00 17.00 15.00 16.00 910.00 12.00 11.00 14.00 1.00 16.00 17.00 17.00 911.00 12.00 27.00 28.00 16.00 907.00 17.00 22.00 10.00 15.00 23.00 20.00 899.00 36.00 33.00 20.00 910.00 14.00 20.00 30.00 17.00 17.00 898.00 19.00 15.00 14.00 1.00 1.00 18.00 16.00 9.00 912.00 17.00 15.00 15.00 12.00 20.00 19.00 900.00 18.00 12.00 15.00 1.00 2.00 2.00 15.00 15.00 19.00 900.00 
17.00 18.00 18.00 1.00 0.00 1.00 16.00 8.00 15.00 916.00 13.00 17.00 13.00 1.00 0.00 0.00 0.00 0.00 1.00 15.00 19.00 17.00 899.00 11.00 16.00 18.00 1.00 16.00 19.00 24.00 892.00 20.00 29.00 33.00 14.00 804.00 16.00 118.00 13.00 18.00 22.00 19.00 890.00 34.00 35.00 36.00 908.00 13.00 21.00 23.00 16.00 8.00 906.00 20.00 15.00 20.00 0.00 1.00 11.00 16.00 13.00 908.00 22.00 17.00 15.00 14.00 15.00 16.00 906.00 23.00 15.00 9.00 0.00 0.00 1.00 14.00 14.00 17.00 900.00 
11.00 11.00 15.00 1.00 0.00 1.00 15.00 19.00 17.00 905.00 15.00 19.00 10.00 0.00 0.00 0.00 0.00 0.00 0.00 13.00 13.00 14.00 908.00 21.00 18.00 12.00 2.00 14.00 12.00 13.00 902.00 21.00 15.00 19.00 18.00 26.00 21.00 898.00 19.00 30.00 29.00 316.00 597.00 30.00 47.00 29.00 886.00 24.00 13.00 37.00 18.00 15.00 913.00 11.00 12.00 12.00 1.00 3.00 24.00 19.00 16.00 883.00 20.00 21.00 17.00 19.00 14.00 13.00 903.00 14.00 19.00 16.00 0.00 1.00 1.00 14.00 19.00 21.00 905.00 
17.00 19.00 14.00 0.00 0.00 1.00 11.00 13.00 16.00 916.00 12.00 13.00 17.00 0.00 0.00 1.00 1.00 0.00 2.00 14.00 13.00 15.00 903.00 18.00 22.00 13.00 0.00 12.00 17.00 10.00 920.00 13.00 14.00 14.00 17.00 13.00 7.00 914.00 27.00 43.00 31.00 890.00 22.00 26.00 38.00 17.00 910.00 12.00 21.00 12.00 3.00 13.00 201.00 12.00 720.00 16.00 18.00 14.00 15.00 15.00 16.00 899.00 21.00 18.00 17.00 20.00 18.00 12.00 904.00 16.00 11.00 19.00 1.00 1.00 1.00 14.00 14.00 9.00 911.00 
16.00 14.00 20.00 1.00 1.00 1.00 17.00 15.00 20.00 890.00 17.00 17.00 20.00 1.00 0.00 0.00 1.00 0.00 1.00 19.00 17.00 13.00 887.00 20.00 20.00 20.00 1.00 15.00 23.00 16.00 903.00 19.00 11.00 15.00 11.00 21.00 24.00 893.00 34.00 38.00 29.00 905.00 20.00 25.00 34.00 16.00 892.00 15.00 21.00 19.00 2.00 15.00 13.00 16.00 921.00 13.00 8.00 15.00 15.00 18.00 22.00 883.00 23.00 22.00 16.00 15.00 16.00 23.00 904.00 16.00 16.00 9.00 1.00 0.00 1.00 11.00 18.00 14.00 906.00 
19.00 17.00 13.00 1.00 0.00 1.00 19.00 24.00 16.00 904.00 7.00 9.00 19.00 1.00 0.00 0.00 0.00 1.00 1.00 15.00 20.00 15.00 893.00 26.00 18.00 12.00 1.00 17.00 23.00 16.00 896.00 15.00 19.00 26.00 12.00 16.00 616.00 300.00 29.00 35.00 24.00 906.00 16.00 29.00 37.00 19.00 893.00 19.00 15.00 21.00 2.00 12.00 10.00 16.00 908.00 21.00 15.00 13.00 15.00 16.00 15.00 904.00 14.00 18.00 21.00 11.00 13.00 19.00 908.00 16.00 13.00 18.00 1.00 0.00 0.00 13.00 14.00 13.00 910.00 
25.00 31.00 24.00 17.00 15.00 15.00 30.00 28.00 27.00 906.00 33.00 26.00 28.00 13.00 9.00 14.00 20.00 30.00 26.00 620.00 41.00 45.00 942.00 28.00 29.00 21.00 29.00 21.00 27.00 591.00 97.00 55.00 24.00 16.00 14.00 12.00 47.00 12.00 15.00 48.00 15.00 50.00 13.00 84.00 18.00 14.00 49.00 14.00 32.00 35.00 37.00 631.00 338.00 49.00 623.00 44.00 651.00 29.00 45.00 38.00 37.00 895.00 31.00 41.00 30.00 29.00 540.00 31.00 394.00 34.00 24.00 18.00 19.00 8.00 13.00 23.00 29.00 23.00 921.00 
16.00 23.00 6.00 1.00 0.00 0.00 13.00 14.00 16.00 908.00 18.00 16.00 13.00 1.00 1.00 3.00 16.00 18.00 26.00 904.00 32.00 28.00 685.00 249.00 15.00 21.00 27.00 18.00 19.00 891.00 16.00 18.00 9.00 3.00 2.00 0.00 0.00 0.00 0.00 0.00 0.00 0.00 0.00 0.00 0.00 0.00 0.00 1.00 13.00 32.00 30.00 910.00 935.00 44.00 52.00 34.00 893.00 21.00 35.00 28.00 243.00 681.00 16.00 37.00 37.00 18.00 901.00 12.00 15.00 11.00 2.00 0.00 2.00 0.00 27.00 15.00 16.00 773.00 120.00 
170.00 876.00 24.00 21.00 17.00 1.00 25.00 20.00 19.00 900.00 14.00 9.00 11.00 0.00 0.00 0.00 17.00 25.00 12.00 904.00 29.00 29.00 34.00 897.00 18.00 14.00 37.00 16.00 14.00 900.00 16.00 23.00 15.00 0.00 0.00 0.00 0.00 0.00 0.00 0.00 0.00 0.00 0.00 0.00 0.00 0.00 1.00 0.00 0.00 17.00 25.00 58.00 894.00 34.00 41.00 27.00 903.00 36.00 27.00 33.00 893.00 16.00 20.00 30.00 16.00 13.00 916.00 14.00 12.00 14.00 1.00 0.00 2.00 1.00 11.00 17.00 14.00 771.00 36.00 
917.00 915.00 31.00 37.00 15.00 1.00 13.00 18.00 17.00 903.00 12.00 22.00 11.00 2.00 1.00 2.00 11.00 13.00 18.00 902.00 22.00 28.00 29.00 426.00 18.00 504.00 28.00 21.00 20.00 896.00 22.00 17.00 18.00 3.00 1.00 0.00 1.00 0.00 0.00 0.00 0.00 0.00 0.00 0.00 0.00 0.00 0.00 1.00 2.00 14.00 20.00 21.00 903.00 20.00 25.00 35.00 918.00 29.00 24.00 35.00 908.00 19.00 17.00 25.00 18.00 18.00 907.00 14.00 15.00 12.00 0.00 0.00 0.00 0.00 1.00 1.00 12.00 33.00 38.00 
547.00 914.00 31.00 29.00 16.00 2.00 23.00 21.00 16.00 889.00 15.00 17.00 12.00 2.00 5.00 3.00 19.00 17.00 12.00 894.00 17.00 20.00 40.00 16.00 20.00 886.00 36.00 39.00 27.00 896.00 16.00 21.00 15.00 0.00 0.00 3.00 0.00 0.00 1.00 0.00 0.00 0.00 0.00 0.00 0.00 0.00 0.00 0.00 0.00 18.00 11.00 18.00 899.00 33.00 35.00 34.00 909.00 29.00 28.00 28.00 911.00 12.00 24.00 31.00 17.00 20.00 893.00 14.00 11.00 23.00 2.00 1.00 1.00 8.00 2.00 10.00 389.00 25.00 27.00 
35.00 905.00 19.00 20.00 16.00 1.00 18.00 19.00 11.00 898.00 11.00 14.00 27.00 0.00 1.00 1.00 14.00 16.00 15.00 901.00 15.00 31.00 26.00 20.00 761.00 173.00 35.00 23.00 22.00 894.00 15.00 17.00 20.00 0.00 1.00 0.00 0.00 0.00 0.00 0.00 0.00 0.00 0.00 0.00 0.00 0.00 0.00 2.00 0.00 14.00 18.00 15.00 895.00 41.00 34.00 30.00 907.00 15.00 23.00 32.00 175.00 15.00 740.00 25.00 18.00 25.00 518.00 10.00 16.00 409.00 10.00 6.00 11.00 9.00 16.00 24.00 890.00 28.00 34.00 
23.00 907.00 11.00 17.00 20.00 2.00 19.00 16.00 17.00 917.00 11.00 11.00 8.00 1.00 0.00 2.00 9.00 13.00 21.00 899.00 26.00 29.00 48.00 14.00 893.00 16.00 27.00 28.00 23.00 906.00 15.00 17.00 14.00 0.00 0.00 0.00 0.00 0.00 0.00 0.00 0.00 0.00 0.00 0.00 0.00 0.00 0.00 0.00 0.00 14.00 14.00 15.00 902.00 36.00 29.00 26.00 910.00 23.00 17.00 26.00 19.00 12.00 910.00 16.00 19.00 15.00 14.00 22.00 13.00 891.00 21.00 18.00 19.00 17.00 21.00 19.00 895.00 36.00 31.00 
27.00 195.00 16.00 14.00 729.00 11.00 35.00 27.00 15.00 901.00 16.00 20.00 11.00 0.00 2.00 1.00 15.00 10.00 27.00 897.00 21.00 25.00 25.00 14.00 928.00 13.00 34.00 31.00 20.00 881.00 18.00 17.00 19.00 2.00 0.00 0.00 0.00 0.00 0.00 0.00 0.00 0.00 0.00 0.00 0.00 0.00 0.00 0.00 0.00 8.00 10.00 15.00 490.00 457.00 37.00 35.00 912.00 17.00 7.00 27.00 15.00 14.00 889.00 18.00 30.00 19.00 17.00 15.00 18.00 902.00 10.00 18.00 19.00 16.00 11.00 16.00 898.00 23.00 20.00 
22.00 19.00 13.00 17.00 903.00 19.00 18.00 22.00 15.00 336.00 12.00 588.00 14.00 16.00 9.00 1.00 18.00 10.00 12.00 912.00 19.00 31.00 27.00 17.00 909.00 17.00 27.00 28.00 18.00 917.00 9.00 14.00 15.00 1.00 0.00 0.00 0.00 0.00 0.00 0.00 0.00 0.00 0.00 0.00 0.00 0.00 0.00 0.00 0.00 2.00 16.00 15.00 16.00 902.00 32.00 41.00 929.00 17.00 21.00 31.00 357.00 16.00 564.00 16.00 9.00 17.00 15.00 15.00 16.00 907.00 11.00 16.00 19.00 18.00 15.00 20.00 891.00 11.00 20.00 
17.00 20.00 23.00 11.00 903.00 17.00 14.00 8.00 20.00 15.00 13.00 894.00 20.00 20.00 19.00 2.00 21.00 17.00 13.00 899.00 16.00 30.00 27.00 23.00 894.00 17.00 39.00 29.00 18.00 900.00 20.00 18.00 16.00 1.00 0.00 0.00 0.00 0.00 0.00 0.00 0.00 0.00 0.00 0.00 0.00 0.00 0.00 1.00 2.00 15.00 11.00 10.00 697.00 247.00 39.00 25.00 901.00 38.00 20.00 38.00 912.00 17.00 14.00 12.00 1.00 2.00 19.00 9.00 17.00 902.00 16.00 17.00 14.00 12.00 18.00 14.00 918.00 16.00 12.00 
13.00 20.00 17.00 16.00 897.00 18.00 11.00 18.00 7.00 23.00 21.00 894.00 14.00 21.00 19.00 2.00 11.00 15.00 9.00 918.00 18.00 31.00 33.00 17.00 898.00 9.00 37.00 35.00 20.00 896.00 17.00 18.00 18.00 0.00 0.00 0.00 0.00 0.00 0.00 0.00 0.00 0.00 0.00 0.00 0.00 0.00 0.00 0.00 3.00 11.00 20.00 17.00 914.00 21.00 33.00 22.00 912.00 14.00 18.00 21.00 311.00 20.00 17.00 17.00 599.00 13.00 21.00 30.00 18.00 896.00 18.00 14.00 19.00 18.00 20.00 14.00 889.00 24.00 25.00 
14.00 15.00 15.00 21.00 913.00 11.00 10.00 19.00 16.00 18.00 11.00 914.00 11.00 17.00 13.00 1.00 14.00 19.00 11.00 914.00 13.00 30.00 34.00 17.00 908.00 15.00 21.00 27.00 19.00 909.00 20.00 15.00 11.00 0.00 0.00 0.00 0.00 0.00 0.00 0.00 0.00 0.00 0.00 0.00 0.00 0.00 1.00 0.00 0.00 13.00 17.00 16.00 903.00 43.00 27.00 38.00 906.00 16.00 10.00 12.00 1.00 14.00 17.00 23.00 894.00 16.00 32.00 25.00 17.00 902.00 26.00 12.00 17.00 20.00 13.00 20.00 893.00 20.00 20.00 
11.00 15.00 25.00 15.00 897.00 14.00 18.00 15.00 17.00 14.00 20.00 894.00 16.00 19.00 18.00 2.00 16.00 16.00 21.00 893.00 34.00 37.00 34.00 843.00 66.00 15.00 39.00 11.00 18.00 913.00 12.00 14.00 15.00 2.00 1.00 0.00 0.00 0.00 0.00 0.00 0.00 0.00 0.00 0.00 0.00 0.00 0.00 1.00 4.00 11.00 18.00 20.00 897.00 37.00 30.00 25.00 895.00 23.00 25.00 15.00 1.00 16.00 17.00 13.00 902.00 15.00 33.00 32.00 14.00 916.00 16.00 14.00 12.00 17.00 10.00 16.00 913.00 14.00 18.00 
12.00 18.00 11.00 15.00 909.00 19.00 12.00 18.00 19.00 18.00 9.00 906.00 18.00 11.00 16.00 1.00 15.00 16.00 17.00 908.00 25.00 31.00 32.00 899.00 23.00 13.00 31.00 18.00 17.00 910.00 10.00 17.00 16.00 0.00 1.00 1.00 0.00 0.00 0.00 0.00 0.00 0.00 0.00 0.00 0.00 0.00 0.00 1.00 1.00 15.00 14.00 25.00 891.00 40.00 34.00 29.00 910.00 18.00 12.00 9.00 3.00 20.00 14.00 21.00 885.00 17.00 34.00 36.00 22.00 898.00 22.00 16.00 15.00 11.00 21.00 20.00 911.00 15.00 8.00 
20.00 14.00 13.00 15.00 902.00 18.00 19.00 17.00 12.00 16.00 14.00 904.00 16.00 20.00 18.00 13.00 18.00 17.00 838.00 94.00 20.00 23.00 17.00 915.00 14.00 21.00 28.00 16.00 18.00 910.00 13.00 14.00 12.00 0.00 0.00 0.00 0.00 0.00 0.00 0.00 0.00 0.00 0.00 0.00 0.00 0.00 0.00 1.00 2.00 16.00 20.00 25.00 890.00 26.00 30.00 33.00 905.00 17.00 18.00 16.00 2.00 19.00 15.00 15.00 899.00 18.00 33.00 30.00 17.00 899.00 23.00 23.00 9.00 20.00 18.00 15.00 898.00 11.00 18.00 
21.00 13.00 16.00 20.00 887.00 19.00 24.00 20.00 18.00 10.00 15.00 904.00 18.00 15.00 19.00 17.00 15.00 11.00 730.00 192.00 41.00 33.00 25.00 889.00 13.00 15.00 35.00 21.00 13.00 917.00 10.00 10.00 12.00 1.00 0.00 0.00 0.00 0.00 0.00 0.00 0.00 0.00 0.00 0.00 0.00 0.00 0.00 0.00 0.00 16.00 14.00 12.00 912.00 26.00 32.00 31.00 726.00 19.00 189.00 16.00 3.00 27.00 15.00 14.00 911.00 15.00 25.00 20.00 15.00 899.00 25.00 19.00 18.00 14.00 18.00 17.00 909.00 10.00 14.00 
15.00 13.00 16.00 14.00 911.00 15.00 15.00 14.00 10.00 10.00 10.00 920.00 17.00 15.00 19.00 2.00 14.00 17.00 13.00 907.00 23.00 34.00 34.00 903.00 18.00 21.00 28.00 19.00 25.00 889.00 17.00 16.00 18.00 2.00 0.00 1.00 0.00 0.00 0.00 0.00 0.00 0.00 0.00 0.00 0.00 0.00 1.00 0.00 0.00 14.00 19.00 15.00 896.00 24.00 21.00 26.00 19.00 11.00 899.00 23.00 20.00 27.00 15.00 20.00 905.00 15.00 28.00 34.00 15.00 905.00 20.00 14.00 15.00 18.00 19.00 16.00 893.00 22.00 16.00 
17.00 20.00 13.00 15.00 901.00 22.00 15.00 13.00 22.00 12.00 13.00 911.00 13.00 19.00 10.00 3.00 17.00 17.00 16.00 896.00 31.00 31.00 23.00 903.00 13.00 27.00 37.00 11.00 15.00 898.00 14.00 21.00 22.00 2.00 2.00 0.00 0.00 0.00 0.00 0.00 0.00 0.00 0.00 0.00 0.00 0.00 0.00 1.00 0.00 18.00 20.00 15.00 908.00 16.00 13.00 21.00 15.00 19.00 901.00 19.00 20.00 34.00 19.00 25.00 884.00 15.00 40.00 28.00 12.00 911.00 10.00 17.00 19.00 23.00 16.00 10.00 898.00 16.00 22.00 
17.00 13.00 15.00 18.00 897.00 15.00 20.00 20.00 20.00 21.00 15.00 898.00 12.00 20.00 17.00 2.00 14.00 18.00 22.00 883.00 32.00 44.00 41.00 897.00 11.00 27.00 32.00 21.00 17.00 886.00 11.00 25.00 16.00 1.00 0.00 0.00 0.00 0.00 0.00 0.00 0.00 0.00 0.00 0.00 0.00 0.00 0.00 2.00 0.00 12.00 28.00 17.00 895.00 13.00 17.00 22.00 15.00 22.00 912.00 16.00 11.00 34.00 16.00 17.00 907.00 15.00 28.00 28.00 24.00 904.00 16.00 14.00 16.00 19.00 11.00 12.00 908.00 15.00 16.00 
17.00 18.00 25.00 18.00 894.00 14.00 16.00 14.00 17.00 18.00 22.00 893.00 16.00 21.00 14.00 4.00 13.00 8.00 15.00 902.00 32.00 37.00 48.00 900.00 15.00 13.00 32.00 25.00 17.00 894.00 8.00 16.00 21.00 0.00 1.00 1.00 0.00 0.00 0.00 0.00 0.00 0.00 0.00 0.00 0.00 0.00 1.00 1.00 1.00 16.00 20.00 15.00 903.00 13.00 16.00 26.00 17.00 13.00 909.00 20.00 15.00 32.00 13.00 15.00 896.00 19.00 30.00 40.00 11.00 915.00 15.00 16.00 12.00 13.00 16.00 11.00 895.00 24.00 22.00 
18.00 14.00 9.00 19.00 902.00 18.00 20.00 16.00 18.00 16.00 19.00 901.00 13.00 17.00 16.00 0.00 23.00 22.00 16.00 878.00 34.00 29.00 37.00 896.00 31.00 14.00 35.00 10.00 19.00 908.00 14.00 14.00 19.00 0.00 0.00 2.00 0.00 0.00 0.00 0.00 0.00 0.00 0.00 0.00 0.00 0.00 0.00 1.00 1.00 10.00 15.00 9.00 905.00 20.00 23.00 33.00 18.00 12.00 910.00 12.00 17.00 23.00 19.00 14.00 902.00 20.00 28.00 34.00 16.00 911.00 10.00 19.00 16.00 8.00 26.00 20.00 883.00 23.00 25.00 
22.00 20.00 18.00 14.00 884.00 19.00 18.00 22.00 12.00 17.00 15.00 905.00 14.00 17.00 19.00 3.00 18.00 15.00 19.00 899.00 31.00 34.00 21.00 903.00 18.00 24.00 30.00 15.00 21.00 907.00 16.00 15.00 17.00 0.00 0.00 0.00 0.00 0.00 0.00 0.00 0.00 0.00 0.00 0.00 0.00 0.00 0.00 1.00 0.00 15.00 12.00 12.00 906.00 19.00 20.00 34.00 13.00 15.00 908.00 17.00 12.00 33.00 17.00 23.00 895.00 18.00 25.00 30.00 10.00 906.00 17.00 23.00 19.00 19.00 14.00 18.00 890.00 18.00 19.00 
15.00 16.00 14.00 16.00 896.00 17.00 19.00 17.00 21.00 18.00 18.00 896.00 15.00 20.00 16.00 1.00 19.00 15.00 18.00 904.00 34.00 20.00 22.00 910.00 21.00 17.00 42.00 18.00 11.00 894.00 13.00 20.00 21.00 1.00 0.00 0.00 0.00 0.00 0.00 0.00 0.00 0.00 0.00 0.00 0.00 0.00 1.00 2.00 0.00 17.00 15.00 11.00 902.00 20.00 23.00 33.00 18.00 11.00 895.00 21.00 8.00 37.00 23.00 15.00 911.00 12.00 30.00 32.00 14.00 903.00 9.00 17.00 20.00 9.00 19.00 13.00 905.00 19.00 20.00 
15.00 12.00 19.00 19.00 900.00 16.00 22.00 14.00 9.00 13.00 13.00 914.00 14.00 20.00 14.00 1.00 11.00 14.00 18.00 909.00 26.00 39.00 36.00 888.00 20.00 19.00 31.00 10.00 17.00 917.00 11.00 21.00 10.00 0.00 2.00 0.00 0.00 0.00 0.00 0.00 0.00 0.00 0.00 0.00 0.00 0.00 0.00 0.00 0.00 12.00 10.00 19.00 918.00 15.00 20.00 23.00 14.00 14.00 909.00 17.00 13.00 31.00 19.00 21.00 896.00 20.00 38.00 26.00 12.00 907.00 11.00 12.00 24.00 11.00 15.00 16.00 913.00 15.00 15.00 
17.00 18.00 11.00 19.00 906.00 12.00 17.00 18.00 11.00 12.00 14.00 920.00 16.00 14.00 15.00 1.00 18.00 24.00 15.00 892.00 35.00 32.00 29.00 898.00 18.00 22.00 30.00 16.00 23.00 897.00 11.00 22.00 15.00 1.00 0.00 0.00 0.00 0.00 0.00 0.00 0.00 0.00 0.00 0.00 0.00 0.00 0.00 2.00 0.00 16.00 13.00 12.00 905.00 21.00 32.00 29.00 549.00 17.00 364.00 26.00 5.00 24.00 17.00 12.00 909.00 15.00 25.00 25.00 16.00 456.00 16.00 473.00 7.00 32.00 25.00 12.00 895.00 10.00 21.00 
17.00 17.00 15.00 17.00 901.00 14.00 19.00 14.00 12.00 21.00 25.00 889.00 23.00 16.00 15.00 3.00 21.00 15.00 20.00 885.00 32.00 34.00 32.00 740.00 178.00 24.00 43.00 17.00 13.00 885.00 15.00 20.00 24.00 1.00 0.00 0.00 0.00 0.00 0.00 0.00 0.00 0.00 0.00 0.00 0.00 0.00 0.00 1.00 1.00 15.00 14.00 21.00 893.00 36.00 36.00 39.00 878.00 14.00 28.00 25.00 2.00 13.00 22.00 14.00 906.00 11.00 18.00 16.00 13.00 14.00 18.00 902.00 16.00 34.00 30.00 21.00 897.00 13.00 22.00 
16.00 14.00 16.00 17.00 901.00 16.00 16.00 17.00 14.00 18.00 14.00 899.00 14.00 21.00 21.00 9.00 21.00 15.00 804.00 115.00 18.00 31.00 16.00 23.00 913.00 31.00 32.00 24.00 754.00 159.00 16.00 15.00 4.00 2.00 1.00 0.00 0.00 0.00 0.00 0.00 0.00 0.00 0.00 0.00 0.00 0.00 2.00 0.00 0.00 16.00 13.00 19.00 903.00 25.00 32.00 34.00 909.00 19.00 17.00 15.00 1.00 18.00 15.00 20.00 902.00 20.00 12.00 9.00 24.00 16.00 19.00 887.00 18.00 33.00 41.00 21.00 884.00 24.00 15.00 
14.00 16.00 10.00 14.00 901.00 23.00 22.00 17.00 17.00 20.00 10.00 887.00 16.00 27.00 19.00 17.00 24.00 20.00 887.00 19.00 23.00 33.00 15.00 437.00 481.00 39.00 33.00 20.00 898.00 17.00 18.00 17.00 1.00 1.00 0.00 0.00 0.00 0.00 0.00 0.00 0.00 0.00 0.00 0.00 0.00 0.00 0.00 0.00 0.00 23.00 12.00 20.00 890.00 38.00 33.00 28.00 910.00 17.00 14.00 17.00 2.00 14.00 25.00 9.00 908.00 13.00 11.00 16.00 20.00 14.00 12.00 902.00 20.00 37.00 27.00 18.00 908.00 11.00 18.00 
14.00 14.00 18.00 13.00 892.00 15.00 23.00 23.00 21.00 13.00 16.00 897.00 24.00 14.00 18.00 11.00 18.00 21.00 901.00 18.00 37.00 30.00 18.00 895.00 20.00 29.00 22.00 20.00 910.00 18.00 9.00 20.00 1.00 0.00 1.00 0.00 0.00 0.00 0.00 0.00 0.00 0.00 0.00 0.00 1.00 0.00 2.00 17.00 12.00 27.00 738.00 22.00 153.00 38.00 13.00 23.00 906.00 17.00 10.00 20.00 4.00 15.00 23.00 15.00 892.00 12.00 17.00 23.00 18.00 16.00 16.00 896.00 17.00 30.00 41.00 14.00 904.00 18.00 16.00 
18.00 14.00 24.00 15.00 890.00 9.00 21.00 23.00 25.00 15.00 24.00 887.00 18.00 21.00 12.00 19.00 9.00 20.00 892.00 16.00 38.00 40.00 16.00 914.00 20.00 25.00 20.00 19.00 897.00 23.00 15.00 16.00 2.00 0.00 0.00 0.00 0.00 0.00 0.00 0.00 0.00 0.00 0.00 0.00 0.00 1.00 0.00 15.00 16.00 14.00 893.00 21.00 18.00 35.00 17.00 22.00 902.00 16.00 16.00 14.00 0.00 11.00 18.00 15.00 915.00 12.00 15.00 12.00 11.00 17.00 16.00 908.00 14.00 29.00 36.00 12.00 912.00 15.00 15.00 
11.00 20.00 17.00 12.00 891.00 20.00 20.00 19.00 19.00 16.00 13.00 907.00 17.00 11.00 19.00 20.00 11.00 22.00 899.00 14.00 38.00 31.00 18.00 895.00 12.00 31.00 36.00 10.00 914.00 23.00 17.00 8.00 0.00 0.00 0.00 0.00 0.00 0.00 0.00 0.00 0.00 0.00 0.00 0.00 0.00 0.00 1.00 21.00 10.00 13.00 904.00 23.00 14.00 30.00 28.00 18.00 898.00 16.00 10.00 14.00 2.00 14.00 14.00 14.00 906.00 19.00 10.00 21.00 18.00 18.00 16.00 897.00 15.00 38.00 30.00 19.00 901.00 19.00 18.00 
16.00 12.00 19.00 14.00 895.00 17.00 24.00 18.00 11.00 12.00 11.00 914.00 16.00 22.00 16.00 18.00 12.00 16.00 892.00 25.00 35.00 39.00 14.00 895.00 15.00 29.00 24.00 12.00 307.00 614.00 21.00 16.00 12.00 1.00 1.00 0.00 0.00 0.00 0.00 0.00 0.00 0.00 0.00 0.00 0.00 0.00 0.00 18.00 13.00 18.00 895.00 18.00 19.00 32.00 19.00 10.00 909.00 18.00 14.00 16.00 1.00 13.00 9.00 18.00 908.00 17.00 21.00 22.00 18.00 584.00 19.00 345.00 14.00 14.00 23.00 16.00 915.00 15.00 14.00 
14.00 13.00 22.00 17.00 903.00 10.00 16.00 21.00 9.00 17.00 18.00 401.00 520.00 11.00 15.00 28.00 16.00 15.00 908.00 8.00 23.00 41.00 11.00 897.00 18.00 27.00 33.00 21.00 11.00 904.00 20.00 11.00 15.00 1.00 0.00 0.00 1.00 0.00 0.00 0.00 0.00 0.00 0.00 0.00 1.00 1.00 0.00 19.00 16.00 19.00 901.00 13.00 15.00 30.00 10.00 20.00 907.00 22.00 16.00 9.00 2.00 11.00 19.00 15.00 913.00 15.00 25.00 26.00 20.00 912.00 14.00 20.00 8.00 17.00 26.00 12.00 893.00 17.00 20.00 
11.00 15.00 21.00 17.00 906.00 15.00 22.00 12.00 2.00 15.00 22.00 14.00 901.00 23.00 13.00 29.00 23.00 19.00 882.00 18.00 32.00 35.00 12.00 913.00 19.00 11.00 35.00 17.00 17.00 897.00 11.00 22.00 18.00 0.00 0.00 0.00 0.00 0.00 0.00 0.00 0.00 0.00 0.00 0.00 2.00 1.00 1.00 22.00 13.00 14.00 903.00 12.00 19.00 35.00 18.00 19.00 883.00 12.00 20.00 23.00 3.00 18.00 24.00 16.00 902.00 13.00 15.00 16.00 19.00 98.00 16.00 812.00 19.00 32.00 26.00 17.00 721.00 201.00 16.00 
13.00 29.00 10.00 14.00 920.00 18.00 13.00 9.00 3.00 11.00 15.00 18.00 902.00 22.00 18.00 26.00 13.00 16.00 907.00 18.00 40.00 34.00 13.00 893.00 17.00 18.00 36.00 16.00 11.00 909.00 16.00 25.00 5.00 0.00 0.00 0.00 0.00 0.00 0.00 0.00 0.00 0.00 0.00 0.00 0.00 0.00 0.00 22.00 17.00 22.00 897.00 14.00 15.00 29.00 9.00 14.00 916.00 14.00 13.00 17.00 1.00 9.00 14.00 14.00 913.00 13.00 14.00 24.00 18.00 17.00 24.00 883.00 24.00 19.00 33.00 16.00 23.00 902.00 12.00 
17.00 27.00 16.00 14.00 902.00 12.00 25.00 17.00 0.00 18.00 17.00 20.00 896.00 16.00 13.00 31.00 20.00 13.00 922.00 11.00 16.00 31.00 12.00 912.00 24.00 16.00 31.00 15.00 8.00 912.00 19.00 13.00 12.00 1.00 1.00 0.00 0.00 0.00 0.00 0.00 0.00 0.00 0.00 0.00 0.00 0.00 1.00 17.00 14.00 13.00 902.00 12.00 20.00 45.00 17.00 21.00 881.00 17.00 22.00 12.00 3.00 21.00 14.00 7.00 906.00 19.00 22.00 14.00 20.00 19.00 21.00 886.00 18.00 16.00 34.00 18.00 13.00 915.00 10.00 
13.00 32.00 13.00 18.00 898.00 21.00 18.00 12.00 5.00 18.00 20.00 21.00 904.00 9.00 16.00 26.00 14.00 19.00 902.00 16.00 38.00 26.00 16.00 905.00 14.00 17.00 30.00 18.00 15.00 897.00 25.00 16.00 13.00 1.00 0.00 1.00 0.00 0.00 0.00 0.00 0.00 0.00 0.00 0.00 1.00 0.00 1.00 14.00 18.00 18.00 900.00 14.00 13.00 34.00 15.00 16.00 913.00 15.00 10.00 17.00 2.00 10.00 18.00 14.00 909.00 10.00 13.00 22.00 14.00 17.00 18.00 901.00 24.00 14.00 37.00 21.00 11.00 903.00 16.00 
16.00 25.00 18.00 15.00 898.00 23.00 13.00 20.00 0.00 17.00 7.00 18.00 532.00 10.00 8.00 24.00 12.00 17.00 895.00 18.00 31.00 40.00 12.00 908.00 16.00 15.00 25.00 19.00 12.00 906.00 24.00 11.00 17.00 1.00 1.00 1.00 0.00 0.00 0.00 0.00 0.00 0.00 0.00 0.00 0.00 2.00 1.00 13.00 20.00 19.00 895.00 19.00 15.00 31.00 15.00 17.00 913.00 17.00 11.00 10.00 2.00 11.00 16.00 14.00 908.00 16.00 17.00 17.00 12.00 23.00 12.00 911.00 382.00 29.00 41.00 28.00 18.00 899.00 21.00 
14.00 30.00 18.00 13.00 903.00 19.00 18.00 14.00 0.00 0.00 0.00 0.00 0.00 0.00 3.00 15.00 22.00 18.00 886.00 10.00 46.00 25.00 24.00 890.00 22.00 27.00 40.00 14.00 735.00 190.00 18.00 13.00 2.00 0.00 0.00 0.00 0.00 0.00 0.00 0.00 0.00 0.00 0.00 0.00 0.00 1.00 3.00 12.00 20.00 10.00 911.00 12.00 19.00 35.00 10.00 16.00 898.00 15.00 15.00 21.00 3.00 21.00 21.00 17.00 896.00 14.00 28.00 25.00 26.00 705.00 35.00 253.00 896.00 23.00 33.00 29.00 17.00 922.00 9.00 
19.00 43.00 125.00 10.00 799.00 13.00 21.00 26.00 9.00 612.00 16.00 12.00 14.00 0.00 1.00 12.00 10.00 17.00 903.00 27.00 37.00 28.00 20.00 900.00 18.00 28.00 24.00 22.00 908.00 19.00 10.00 15.00 1.00 0.00 0.00 0.00 0.00 0.00 0.00 0.00 0.00 0.00 0.00 0.00 1.00 0.00 0.00 19.00 14.00 8.00 907.00 21.00 15.00 31.00 12.00 21.00 900.00 15.00 19.00 17.00 2.00 16.00 12.00 15.00 898.00 22.00 35.00 26.00 20.00 899.00 43.00 16.00 299.00 7.00 18.00 18.00 11.00 903.00 21.00 
31.00 32.00 904.00 16.00 20.00 17.00 13.00 18.00 17.00 907.00 14.00 17.00 14.00 0.00 2.00 7.00 23.00 18.00 910.00 14.00 34.00 23.00 18.00 913.00 18.00 30.00 26.00 15.00 903.00 18.00 13.00 15.00 0.00 0.00 0.00 0.00 0.00 0.00 0.00 0.00 0.00 0.00 0.00 0.00 0.00 0.00 1.00 15.00 16.00 16.00 912.00 11.00 17.00 32.00 22.00 24.00 883.00 17.00 14.00 18.00 1.00 18.00 11.00 10.00 919.00 14.00 10.00 32.00 13.00 21.00 912.00 13.00 16.00 12.00 22.00 22.00 20.00 888.00 28.00 
30.00 32.00 900.00 19.00 19.00 15.00 19.00 14.00 20.00 900.00 16.00 20.00 10.00 1.00 1.00 8.00 11.00 18.00 903.00 19.00 41.00 34.00 18.00 900.00 22.00 29.00 25.00 17.00 582.00 337.00 16.00 11.00 7.00 0.00 0.00 0.00 0.00 0.00 0.00 0.00 0.00 0.00 0.00 0.00 1.00 1.00 1.00 9.00 21.00 17.00 892.00 19.00 21.00 32.00 20.00 20.00 900.00 12.00 18.00 17.00 4.00 9.00 17.00 20.00 267.00 642.00 16.00 34.00 28.00 18.00 895.00 19.00 11.00 20.00 14.00 17.00 19.00 905.00 30.00 
36.00 27.00 898.00 17.00 15.00 17.00 13.00 20.00 18.00 902.00 16.00 14.00 19.00 2.00 2.00 20.00 16.00 22.00 889.00 15.00 36.00 27.00 17.00 899.00 18.00 22.00 26.00 10.00 19.00 912.00 11.00 18.00 17.00 1.00 0.00 0.00 0.00 0.00 0.00 0.00 0.00 0.00 0.00 0.00 0.00 1.00 1.00 23.00 21.00 18.00 880.00 19.00 16.00 36.00 22.00 14.00 886.00 19.00 12.00 28.00 3.00 2.00 15.00 18.00 16.00 909.00 14.00 28.00 33.00 11.00 903.00 17.00 21.00 23.00 10.00 19.00 535.00 376.00 40.00 
23.00 18.00 299.00 612.00 19.00 22.00 30.00 15.00 16.00 923.00 13.00 7.00 9.00 0.00 0.00 18.00 14.00 17.00 905.00 15.00 32.00 34.00 15.00 899.00 20.00 18.00 25.00 22.00 19.00 902.00 15.00 16.00 12.00 0.00 2.00 0.00 0.00 0.00 0.00 0.00 0.00 0.00 0.00 0.00 1.00 1.00 0.00 11.00 19.00 15.00 905.00 16.00 20.00 23.00 18.00 14.00 914.00 18.00 9.00 17.00 1.00 1.00 9.00 19.00 23.00 903.00 12.00 37.00 29.00 18.00 892.00 20.00 17.00 31.00 14.00 20.00 915.00 11.00 21.00 
30.00 19.00 23.00 885.00 23.00 23.00 36.00 23.00 19.00 889.00 12.00 23.00 15.00 2.00 2.00 21.00 12.00 16.00 889.00 28.00 26.00 37.00 252.00 667.00 22.00 24.00 22.00 17.00 19.00 895.00 17.00 16.00 14.00 1.00 2.00 0.00 0.00 0.00 0.00 0.00 0.00 0.00 0.00 0.00 1.00 1.00 1.00 20.00 19.00 23.00 895.00 13.00 13.00 31.00 17.00 21.00 902.00 13.00 14.00 14.00 1.00 2.00 22.00 16.00 13.00 907.00 16.00 34.00 31.00 12.00 882.00 22.00 18.00 37.00 14.00 17.00 908.00 15.00 14.00 
31.00 17.00 17.00 900.00 29.00 18.00 23.00 11.00 13.00 917.00 19.00 12.00 19.00 1.00 19.00 17.00 21.00 854.00 56.00 29.00 31.00 6.00 917.00 18.00 14.00 13.00 10.00 12.00 17.00 911.00 14.00 21.00 14.00 2.00 0.00 0.00 0.00 0.00 0.00 0.00 0.00 0.00 0.00 0.00 0.00 0.00 0.00 6.00 6.00 15.00 343.00 20.00 580.00 35.00 27.00 18.00 902.00 12.00 17.00 18.00 0.00 3.00 20.00 15.00 20.00 890.00 23.00 37.00 29.00 786.00 139.00 12.00 23.00 22.00 18.00 20.00 892.00 12.00 17.00 
35.00 20.00 232.00 692.00 19.00 15.00 21.00 23.00 15.00 911.00 20.00 13.00 6.00 1.00 20.00 13.00 19.00 893.00 16.00 25.00 43.00 14.00 904.00 17.00 19.00 16.00 18.00 24.00 18.00 886.00 12.00 18.00 17.00 2.00 2.00 2.00 0.00 0.00 0.00 0.00 0.00 0.00 0.00 0.00 0.00 0.00 0.00 0.00 1.00 14.00 29.00 15.00 896.00 30.00 24.00 29.00 679.00 20.00 26.00 228.00 19.00 12.00 12.00 493.00 21.00 427.00 28.00 17.00 22.00 898.00 17.00 22.00 22.00 13.00 15.00 14.00 909.00 10.00 17.00 
38.00 17.00 887.00 12.00 22.00 16.00 14.00 29.00 11.00 902.00 11.00 20.00 15.00 0.00 14.00 19.00 8.00 906.00 16.00 38.00 32.00 18.00 894.00 15.00 20.00 20.00 13.00 21.00 20.00 891.00 19.00 19.00 13.00 2.00 1.00 0.00 0.00 0.00 0.00 0.00 0.00 0.00 0.00 0.00 0.00 0.00 0.00 0.00 0.00 14.00 15.00 14.00 899.00 27.00 18.00 14.00 18.00 12.00 11.00 908.00 27.00 23.00 32.00 908.00 23.00 23.00 24.00 13.00 15.00 913.00 16.00 16.00 19.00 20.00 16.00 23.00 891.00 16.00 39.00 
25.00 16.00 448.00 14.00 477.00 18.00 24.00 28.00 12.00 908.00 19.00 9.00 10.00 2.00 10.00 23.00 17.00 441.00 484.00 19.00 28.00 25.00 174.00 733.00 15.00 17.00 25.00 11.00 16.00 907.00 16.00 21.00 17.00 1.00 0.00 0.00 0.00 0.00 0.00 0.00 0.00 0.00 0.00 0.00 0.00 0.00 1.00 1.00 2.00 20.00 13.00 17.00 898.00 16.00 17.00 23.00 19.00 10.00 474.00 452.00 28.00 33.00 24.00 907.00 19.00 11.00 32.00 20.00 14.00 904.00 19.00 11.00 14.00 18.00 12.00 12.00 899.00 16.00 34.00 
13.00 18.00 18.00 17.00 903.00 12.00 18.00 33.00 15.00 571.00 356.00 17.00 16.00 4.00 1.00 29.00 13.00 11.00 903.00 11.00 37.00 26.00 20.00 905.00 20.00 13.00 28.00 12.00 10.00 914.00 17.00 12.00 17.00 2.00 0.00 0.00 0.00 0.00 0.00 0.00 0.00 0.00 0.00 0.00 0.00 0.00 0.00 0.00 1.00 15.00 15.00 13.00 906.00 18.00 16.00 29.00 21.00 12.00 917.00 12.00 29.00 31.00 21.00 803.00 12.00 112.00 32.00 18.00 6.00 913.00 18.00 10.00 19.00 27.00 18.00 16.00 898.00 19.00 11.00 
28.00 22.00 14.00 9.00 902.00 19.00 13.00 33.00 10.00 21.00 906.00 12.00 18.00 22.00 1.00 16.00 16.00 16.00 896.00 24.00 41.00 31.00 11.00 905.00 12.00 32.00 26.00 24.00 702.00 217.00 18.00 11.00 2.00 0.00 0.00 0.00 0.00 0.00 0.00 0.00 0.00 0.00 0.00 0.00 0.00 0.00 0.00 0.00 1.00 17.00 21.00 19.00 895.00 18.00 17.00 16.00 17.00 13.00 185.00 728.00 15.00 23.00 23.00 23.00 16.00 915.00 24.00 34.00 21.00 268.00 650.00 15.00 14.00 26.00 13.00 19.00 893.00 17.00 14.00 
17.00 35.00 82.00 22.00 837.00 20.00 17.00 27.00 13.00 17.00 907.00 12.00 14.00 19.00 2.00 14.00 80.00 23.00 843.00 14.00 44.00 22.00 363.00 551.00 19.00 37.00 14.00 28.00 897.00 18.00 15.00 14.00 0.00 1.00 1.00 0.00 0.00 0.00 0.00 0.00 0.00 0.00 0.00 0.00 0.00 0.00 0.00 0.00 0.00 14.00 16.00 18.00 892.00 26.00 11.00 22.00 18.00 95.00 17.00 831.00 12.00 13.00 25.00 12.00 18.00 892.00 24.00 32.00 35.00 23.00 908.00 18.00 13.00 16.00 18.00 20.00 20.00 881.00 21.00 
31.00 26.00 909.00 16.00 15.00 19.00 1.00 11.00 17.00 17.00 910.00 14.00 15.00 33.00 14.00 22.00 894.00 21.00 16.00 28.00 15.00 14.00 907.00 22.00 12.00 41.00 16.00 16.00 900.00 14.00 14.00 16.00 0.00 1.00 0.00 0.00 0.00 0.00 0.00 0.00 0.00 0.00 0.00 0.00 0.00 0.00 0.00 1.00 0.00 18.00 13.00 19.00 910.00 10.00 28.00 29.00 24.00 885.00 25.00 23.00 11.00 2.00 16.00 14.00 13.00 914.00 16.00 17.00 25.00 21.00 23.00 891.00 20.00 16.00 40.00 15.00 14.00 907.00 23.00 
27.00 43.00 901.00 15.00 15.00 21.00 1.00 16.00 10.00 20.00 900.00 18.00 11.00 32.00 20.00 13.00 907.00 16.00 15.00 24.00 12.00 19.00 315.00 609.00 23.00 27.00 28.00 25.00 884.00 19.00 16.00 16.00 1.00 3.00 1.00 0.00 0.00 0.00 0.00 0.00 0.00 0.00 0.00 0.00 0.00 0.00 0.00 0.00 0.00 11.00 16.00 20.00 904.00 22.00 35.00 15.00 14.00 905.00 18.00 23.00 17.00 1.00 11.00 17.00 15.00 915.00 14.00 20.00 20.00 18.00 23.00 895.00 20.00 14.00 27.00 20.00 19.00 897.00 31.00 
36.00 20.00 907.00 18.00 7.00 12.00 1.00 26.00 10.00 12.00 913.00 9.00 16.00 25.00 19.00 20.00 906.00 15.00 17.00 16.00 12.00 22.00 20.00 907.00 15.00 38.00 22.00 16.00 903.00 11.00 13.00 19.00 1.00 0.00 0.00 0.00 0.00 0.00 0.00 0.00 0.00 0.00 0.00 0.00 0.00 0.00 0.00 0.00 1.00 13.00 13.00 11.00 904.00 34.00 29.00 31.00 19.00 904.00 15.00 11.00 13.00 1.00 22.00 17.00 14.00 900.00 14.00 18.00 30.00 15.00 17.00 897.00 19.00 28.00 37.00 12.00 526.00 402.00 29.00 
25.00 1.00 340.00 18.00 19.00 574.00 11.00 30.00 30.00 15.00 902.00 14.00 21.00 38.00 18.00 19.00 888.00 16.00 11.00 19.00 1.00 13.00 11.00 60.00 851.00 26.00 41.00 40.00 372.00 546.00 15.00 17.00 4.00 2.00 0.00 0.00 0.00 0.00 0.00 0.00 0.00 0.00 0.00 0.00 0.00 0.00 0.00 0.00 1.00 17.00 13.00 20.00 893.00 23.00 28.00 39.00 21.00 917.00 11.00 11.00 9.00 0.00 15.00 12.00 8.00 908.00 28.00 21.00 42.00 507.00 12.00 420.00 16.00 20.00 29.00 19.00 896.00 11.00 25.00 
20.00 1.00 17.00 17.00 14.00 902.00 14.00 29.00 36.00 15.00 889.00 18.00 20.00 34.00 20.00 17.00 913.00 14.00 13.00 15.00 0.00 15.00 15.00 21.00 901.00 21.00 29.00 28.00 18.00 904.00 20.00 17.00 11.00 0.00 0.00 0.00 0.00 0.00 0.00 0.00 0.00 0.00 0.00 0.00 0.00 1.00 1.00 0.00 2.00 19.00 9.00 11.00 911.00 16.00 21.00 28.00 23.00 901.00 23.00 19.00 11.00 4.00 16.00 10.00 12.00 924.00 25.00 33.00 38.00 895.00 19.00 10.00 20.00 13.00 17.00 16.00 898.00 19.00 17.00 
29.00 14.00 832.00 9.00 15.00 90.00 4.00 9.00 17.00 12.00 918.00 16.00 12.00 30.00 14.00 16.00 906.00 18.00 17.00 16.00 2.00 15.00 21.00 16.00 914.00 10.00 35.00 31.00 17.00 902.00 12.00 11.00 14.00 0.00 0.00 0.00 0.00 0.00 0.00 0.00 0.00 0.00 0.00 0.00 0.00 0.00 0.00 2.00 0.00 5.00 15.00 18.00 912.00 16.00 31.00 33.00 23.00 900.00 13.00 14.00 17.00 1.00 20.00 15.00 17.00 904.00 26.00 29.00 30.00 903.00 20.00 19.00 18.00 18.00 13.00 20.00 910.00 10.00 34.00 
32.00 20.00 908.00 12.00 10.00 17.00 0.00 12.00 18.00 12.00 906.00 22.00 12.00 33.00 25.00 11.00 910.00 10.00 13.00 17.00 1.00 17.00 16.00 18.00 884.00 22.00 31.00 45.00 168.00 751.00 13.00 20.00 14.00 0.00 0.00 0.00 0.00 0.00 0.00 0.00 0.00 0.00 0.00 0.00 0.00 0.00 0.00 0.00 1.00 16.00 16.00 15.00 909.00 18.00 19.00 30.00 21.00 902.00 9.00 21.00 21.00 5.00 16.00 19.00 12.00 900.00 27.00 36.00 26.00 799.00 15.00 17.00 124.00 13.00 15.00 12.00 923.00 15.00 28.00 
33.00 16.00 889.00 18.00 21.00 19.00 0.00 19.00 19.00 15.00 906.00 14.00 13.00 35.00 18.00 11.00 902.00 18.00 16.00 10.00 2.00 15.00 14.00 11.00 918.00 36.00 26.00 25.00 894.00 16.00 24.00 19.00 1.00 1.00 1.00 0.00 0.00 0.00 0.00 0.00 0.00 0.00 0.00 0.00 0.00 1.00 0.00 2.00 2.00 19.00 10.00 18.00 902.00 20.00 31.00 27.00 20.00 904.00 10.00 22.00 12.00 0.00 13.00 16.00 11.00 908.00 14.00 18.00 22.00 13.00 15.00 20.00 887.00 35.00 32.00 41.00 546.00 383.00 31.00 
29.00 31.00 908.00 16.00 12.00 16.00 1.00 11.00 12.00 19.00 904.00 20.00 17.00 33.00 15.00 20.00 897.00 12.00 13.00 26.00 1.00 20.00 16.00 19.00 902.00 37.00 34.00 21.00 900.00 11.00 18.00 22.00 0.00 0.00 2.00 0.00 0.00 0.00 0.00 0.00 0.00 0.00 0.00 0.00 0.00 0.00 0.00 0.00 0.00 14.00 22.00 12.00 905.00 14.00 27.00 29.00 24.00 466.00 450.00 16.00 15.00 10.00 18.00 18.00 16.00 902.00 15.00 15.00 12.00 17.00 16.00 14.00 910.00 14.00 31.00 32.00 21.00 907.00 23.00 
20.00 35.00 905.00 18.00 19.00 12.00 1.00 9.00 19.00 18.00 914.00 13.00 16.00 27.00 17.00 13.00 894.00 16.00 19.00 23.00 1.00 17.00 15.00 14.00 899.00 41.00 41.00 37.00 884.00 11.00 22.00 17.00 0.00 3.00 0.00 0.00 0.00 0.00 0.00 0.00 0.00 0.00 0.00 0.00 0.00 0.00 0.00 0.00 1.00 12.00 17.00 12.00 902.00 25.00 19.00 29.00 21.00 21.00 893.00 18.00 17.00 12.00 15.00 14.00 10.00 910.00 17.00 22.00 14.00 22.00 15.00 16.00 903.00 18.00 27.00 39.00 8.00 916.00 25.00 
21.00 43.00 231.00 13.00 684.00 15.00 9.00 22.00 15.00 20.00 886.00 25.00 25.00 28.00 19.00 16.00 916.00 11.00 15.00 14.00 1.00 13.00 15.00 20.00 915.00 17.00 28.00 31.00 259.00 645.00 24.00 22.00 10.00 1.00 0.00 0.00 0.00 0.00 0.00 0.00 0.00 0.00 0.00 0.00 0.00 0.00 0.00 1.00 1.00 18.00 17.00 14.00 903.00 18.00 12.00 26.00 23.00 19.00 898.00 16.00 16.00 12.00 16.00 25.00 30.00 897.00 11.00 13.00 16.00 15.00 14.00 16.00 892.00 12.00 39.00 35.00 20.00 895.00 31.00 
20.00 23.00 15.00 15.00 923.00 11.00 12.00 15.00 8.00 14.00 365.00 17.00 557.00 33.00 29.00 26.00 856.00 63.00 13.00 21.00 3.00 18.00 16.00 17.00 887.00 21.00 36.00 38.00 20.00 906.00 12.00 10.00 15.00 0.00 0.00 0.00 0.00 0.00 0.00 0.00 0.00 0.00 0.00 0.00 0.00 0.00 0.00 2.00 2.00 19.00 14.00 15.00 904.00 14.00 12.00 32.00 18.00 14.00 888.00 22.00 15.00 24.00 17.00 20.00 15.00 903.00 16.00 19.00 18.00 15.00 14.00 20.00 907.00 12.00 28.00 37.00 17.00 899.00 13.00 
16.00 32.00 12.00 19.00 905.00 15.00 22.00 16.00 2.00 15.00 13.00 9.00 917.00 19.00 19.00 39.00 19.00 901.00 18.00 15.00 14.00 19.00 14.00 21.00 898.00 12.00 36.00 32.00 18.00 898.00 23.00 15.00 14.00 1.00 0.00 0.00 0.00 0.00 0.00 0.00 0.00 0.00 0.00 0.00 0.00 1.00 2.00 9.00 13.00 18.00 650.00 13.00 265.00 20.00 7.00 19.00 20.00 18.00 888.00 19.00 13.00 21.00 18.00 25.00 17.00 897.00 19.00 12.00 16.00 19.00 17.00 11.00 891.00 16.00 40.00 42.00 17.00 898.00 11.00 
20.00 36.00 15.00 24.00 899.00 12.00 18.00 16.00 1.00 14.00 20.00 19.00 910.00 17.00 24.00 27.00 17.00 909.00 15.00 14.00 16.00 17.00 18.00 13.00 901.00 17.00 39.00 32.00 11.00 902.00 18.00 17.00 13.00 0.00 0.00 0.00 0.00 0.00 0.00 0.00 0.00 0.00 0.00 0.00 1.00 1.00 0.00 17.00 25.00 10.00 887.00 22.00 18.00 18.00 2.00 13.00 16.00 10.00 908.00 16.00 12.00 19.00 25.00 16.00 19.00 889.00 14.00 25.00 16.00 18.00 17.00 14.00 909.00 15.00 24.00 31.00 19.00 889.00 24.00 
18.00 30.00 14.00 14.00 926.00 8.00 16.00 15.00 1.00 21.00 10.00 16.00 903.00 17.00 30.00 34.00 14.00 900.00 10.00 23.00 21.00 21.00 21.00 15.00 911.00 8.00 32.00 23.00 20.00 901.00 20.00 8.00 16.00 1.00 2.00 0.00 0.00 0.00 0.00 0.00 0.00 0.00 0.00 0.00 0.00 0.00 1.00 13.00 19.00 18.00 899.00 16.00 19.00 11.00 4.00 25.00 10.00 18.00 902.00 12.00 15.00 23.00 21.00 18.00 16.00 903.00 10.00 14.00 12.00 17.00 14.00 20.00 902.00 15.00 29.00 28.00 12.00 903.00 21.00 
15.00 30.00 16.00 12.00 912.00 15.00 13.00 15.00 0.00 19.00 21.00 13.00 895.00 23.00 25.00 37.00 14.00 907.00 15.00 20.00 17.00 19.00 17.00 820.00 94.00 24.00 34.00 16.00 16.00 914.00 14.00 14.00 11.00 0.00 1.00 0.00 0.00 0.00 0.00 0.00 0.00 0.00 0.00 0.00 0.00 0.00 1.00 15.00 16.00 18.00 904.00 22.00 12.00 13.00 2.00 12.00 14.00 15.00 903.00 26.00 14.00 15.00 16.00 16.00 17.00 896.00 17.00 17.00 16.00 15.00 14.00 14.00 912.00 17.00 33.00 38.00 15.00 908.00 9.00 
14.00 23.00 16.00 15.00 906.00 22.00 16.00 13.00 1.00 13.00 9.00 14.00 921.00 18.00 27.00 32.00 23.00 882.00 26.00 14.00 33.00 19.00 18.00 915.00 13.00 14.00 24.00 20.00 7.00 915.00 17.00 15.00 11.00 1.00 0.00 0.00 0.00 0.00 0.00 0.00 0.00 0.00 0.00 0.00 0.00 0.00 1.00 25.00 15.00 14.00 903.00 16.00 9.00 15.00 1.00 14.00 14.00 19.00 909.00 14.00 14.00 20.00 20.00 22.00 14.00 896.00 12.00 19.00 17.00 12.00 15.00 12.00 895.00 19.00 36.00 46.00 18.00 899.00 18.00 
19.00 40.00 16.00 11.00 909.00 12.00 15.00 12.00 0.00 17.00 15.00 18.00 898.00 23.00 20.00 29.00 17.00 118.00 798.00 14.00 32.00 35.00 22.00 898.00 21.00 15.00 37.00 25.00 15.00 894.00 12.00 15.00 13.00 0.00 1.00 0.00 0.00 0.00 0.00 0.00 0.00 0.00 0.00 0.00 0.00 1.00 0.00 16.00 23.00 9.00 912.00 10.00 9.00 20.00 0.00 1.00 15.00 16.00 125.00 803.00 14.00 15.00 31.00 20.00 12.00 912.00 31.00 22.00 28.00 717.00 17.00 15.00 193.00 9.00 14.00 17.00 15.00 909.00 13.00 
8.00 25.00 16.00 19.00 903.00 18.00 17.00 12.00 4.00 15.00 20.00 11.00 906.00 13.00 21.00 26.00 15.00 158.00 759.00 19.00 38.00 23.00 15.00 911.00 15.00 18.00 27.00 20.00 12.00 902.00 19.00 23.00 10.00 0.00 0.00 0.00 0.00 0.00 0.00 0.00 0.00 0.00 0.00 0.00 0.00 1.00 0.00 17.00 20.00 25.00 893.00 16.00 17.00 10.00 3.00 2.00 10.00 13.00 20.00 896.00 14.00 19.00 35.00 17.00 18.00 905.00 36.00 33.00 31.00 884.00 28.00 18.00 19.00 1.00 24.00 11.00 17.00 912.00 17.00 
20.00 23.00 14.00 12.00 911.00 17.00 21.00 15.00 0.00 17.00 12.00 18.00 903.00 12.00 39.00 34.00 22.00 891.00 17.00 15.00 39.00 15.00 18.00 895.00 23.00 19.00 29.00 20.00 15.00 908.00 12.00 12.00 15.00 2.00 0.00 0.00 0.00 0.00 0.00 0.00 0.00 0.00 0.00 0.00 0.00 1.00 2.00 10.00 17.00 16.00 918.00 12.00 9.00 17.00 0.00 0.00 11.00 17.00 18.00 896.00 22.00 14.00 28.00 32.00 15.00 892.00 38.00 29.00 34.00 898.00 24.00 11.00 18.00 2.00 20.00 14.00 14.00 897.00 19.00 
17.00 37.00 22.00 18.00 887.00 15.00 21.00 17.00 2.00 13.00 17.00 18.00 891.00 26.00 35.00 31.00 12.00 914.00 13.00 20.00 29.00 18.00 12.00 906.00 22.00 12.00 15.00 20.00 18.00 906.00 17.00 12.00 19.00 1.00 1.00 2.00 0.00 0.00 0.00 0.00 0.00 0.00 0.00 0.00 1.00 0.00 2.00 12.00 16.00 17.00 890.00 21.00 20.00 20.00 0.00 1.00 18.00 12.00 11.00 899.00 32.00 32.00 33.00 681.00 15.00 243.00 25.00 15.00 12.00 601.00 11.00 17.00 331.00 6.00 14.00 28.00 12.00 895.00 21.00 
12.00 33.00 23.00 21.00 891.00 13.00 20.00 17.00 6.00 19.00 20.00 262.00 656.00 21.00 34.00 27.00 20.00 886.00 18.00 16.00 34.00 19.00 23.00 894.00 18.00 16.00 29.00 9.00 17.00 899.00 17.00 17.00 20.00 2.00 2.00 0.00 0.00 0.00 0.00 0.00 0.00 0.00 0.00 0.00 0.00 0.00 1.00 13.00 22.00 16.00 903.00 15.00 15.00 14.00 0.00 2.00 12.00 12.00 20.00 916.00 30.00 34.00 22.00 882.00 18.00 32.00 20.00 0.00 2.00 15.00 7.00 10.00 905.00 24.00 24.00 38.00 15.00 909.00 21.00 
27.00 36.00 657.00 15.00 275.00 12.00 7.00 3.00 14.00 15.00 16.00 910.00 16.00 22.00 40.00 12.00 642.00 266.00 23.00 18.00 13.00 18.00 8.00 908.00 21.00 24.00 32.00 19.00 20.00 899.00 16.00 11.00 15.00 1.00 0.00 0.00 0.00 0.00 0.00 0.00 0.00 0.00 0.00 0.00 0.00 1.00 1.00 16.00 16.00 8.00 914.00 13.00 15.00 16.00 1.00 1.00 15.00 12.00 18.00 900.00 16.00 21.00 43.00 20.00 15.00 887.00 17.00 20.00 14.00 19.00 8.00 18.00 905.00 15.00 21.00 38.00 21.00 901.00 23.00 
30.00 35.00 900.00 18.00 16.00 14.00 3.00 3.00 12.00 12.00 528.00 406.00 14.00 36.00 19.00 11.00 914.00 20.00 11.00 12.00 11.00 15.00 16.00 908.00 13.00 15.00 31.00 15.00 15.00 920.00 15.00 13.00 11.00 1.00 0.00 0.00 0.00 0.00 0.00 0.00 0.00 0.00 0.00 0.00 2.00 0.00 1.00 19.00 11.00 11.00 910.00 17.00 12.00 18.00 1.00 0.00 16.00 14.00 18.00 904.00 14.00 17.00 42.00 14.00 17.00 899.00 17.00 11.00 13.00 18.00 12.00 11.00 924.00 9.00 28.00 32.00 20.00 905.00 30.00 
37.00 27.00 899.00 15.00 15.00 17.00 3.00 24.00 25.00 17.00 874.00 19.00 19.00 42.00 12.00 20.00 894.00 15.00 14.00 24.00 19.00 16.00 25.00 896.00 14.00 16.00 30.00 13.00 18.00 911.00 16.00 7.00 15.00 1.00 1.00 1.00 0.00 0.00 0.00 0.00 0.00 0.00 0.00 0.00 1.00 4.00 0.00 27.00 24.00 12.00 885.00 13.00 18.00 15.00 0.00 0.00 24.00 17.00 9.00 902.00 17.00 18.00 29.00 18.00 19.00 897.00 35.00 27.00 26.00 848.00 6.00 9.00 99.00 0.00 14.00 18.00 19.00 903.00 36.00 
27.00 35.00 897.00 16.00 18.00 15.00 1.00 15.00 12.00 17.00 916.00 17.00 12.00 34.00 13.00 22.00 905.00 11.00 12.00 13.00 15.00 12.00 18.00 916.00 14.00 16.00 31.00 16.00 13.00 897.00 15.00 18.00 19.00 1.00 0.00 0.00 0.00 0.00 0.00 0.00 0.00 0.00 0.00 0.00 0.00 0.00 0.00 12.00 13.00 12.00 913.00 18.00 11.00 19.00 1.00 9.00 22.00 13.00 263.00 645.00 17.00 15.00 28.00 20.00 18.00 899.00 25.00 44.00 34.00 903.00 15.00 15.00 19.00 0.00 19.00 16.00 13.00 901.00 39.00 
45.00 31.00 886.00 16.00 16.00 16.00 3.00 13.00 14.00 20.00 795.00 129.00 14.00 31.00 16.00 16.00 910.00 14.00 15.00 12.00 13.00 12.00 14.00 909.00 16.00 19.00 32.00 14.00 14.00 908.00 15.00 13.00 19.00 1.00 1.00 0.00 0.00 0.00 0.00 0.00 0.00 0.00 0.00 0.00 0.00 1.00 0.00 9.00 26.00 18.00 904.00 11.00 22.00 10.00 0.00 15.00 15.00 16.00 897.00 15.00 20.00 20.00 16.00 19.00 11.00 905.00 24.00 34.00 39.00 894.00 23.00 16.00 18.00 2.00 14.00 16.00 16.00 915.00 27.00 
33.00 24.00 412.00 508.00 12.00 20.00 12.00 3.00 15.00 26.00 16.00 885.00 19.00 30.00 38.00 30.00 883.00 20.00 14.00 21.00 14.00 19.00 24.00 894.00 20.00 21.00 33.00 15.00 18.00 898.00 15.00 19.00 12.00 2.00 0.00 0.00 0.00 0.00 0.00 0.00 0.00 0.00 0.00 0.00 0.00 1.00 1.00 25.00 15.00 23.00 892.00 13.00 12.00 18.00 1.00 15.00 22.00 16.00 894.00 15.00 18.00 18.00 13.00 23.00 18.00 908.00 27.00 18.00 20.00 491.00 13.00 15.00 445.00 4.00 24.00 27.00 16.00 895.00 19.00 
35.00 38.00 16.00 885.00 18.00 20.00 23.00 5.00 21.00 15.00 20.00 887.00 13.00 36.00 30.00 15.00 909.00 19.00 13.00 19.00 19.00 18.00 142.00 770.00 18.00 20.00 35.00 13.00 16.00 898.00 17.00 16.00 15.00 0.00 0.00 0.00 0.00 0.00 0.00 0.00 0.00 0.00 0.00 0.00 1.00 0.00 3.00 14.00 17.00 16.00 904.00 15.00 18.00 13.00 3.00 14.00 12.00 11.00 911.00 14.00 16.00 16.00 20.00 15.00 23.00 892.00 14.00 20.00 16.00 16.00 13.00 18.00 911.00 19.00 31.00 33.00 17.00 891.00 19.00 
41.00 33.00 16.00 901.00 14.00 14.00 15.00 0.00 12.00 12.00 18.00 910.00 17.00 43.00 27.00 23.00 891.00 16.00 13.00 24.00 19.00 13.00 907.00 15.00 22.00 18.00 15.00 21.00 23.00 910.00 10.00 10.00 11.00 0.00 1.00 0.00 0.00 0.00 0.00 0.00 0.00 0.00 0.00 0.00 0.00 1.00 1.00 20.00 15.00 16.00 903.00 10.00 17.00 18.00 1.00 19.00 14.00 11.00 908.00 16.00 16.00 15.00 18.00 15.00 16.00 892.00 23.00 16.00 18.00 17.00 21.00 22.00 885.00 21.00 35.00 32.00 54.00 858.00 21.00 
31.00 19.00 15.00 785.00 22.00 118.00 19.00 3.00 20.00 18.00 14.00 901.00 16.00 29.00 32.00 18.00 899.00 16.00 23.00 32.00 23.00 11.00 899.00 21.00 16.00 12.00 16.00 17.00 20.00 899.00 20.00 21.00 9.00 0.00 0.00 0.00 0.00 0.00 0.00 0.00 0.00 0.00 0.00 0.00 1.00 0.00 1.00 7.00 18.00 13.00 912.00 17.00 19.00 13.00 2.00 12.00 8.00 15.00 912.00 14.00 25.00 14.00 16.00 394.00 18.00 530.00 22.00 9.00 8.00 12.00 20.00 18.00 908.00 32.00 25.00 37.00 907.00 13.00 14.00 
17.00 4.00 16.00 18.00 25.00 905.00 13.00 11.00 29.00 14.00 26.00 896.00 19.00 33.00 32.00 19.00 899.00 17.00 18.00 26.00 20.00 24.00 903.00 12.00 14.00 17.00 14.00 15.00 13.00 900.00 13.00 24.00 19.00 0.00 0.00 0.00 0.00 0.00 0.00 0.00 0.00 0.00 0.00 0.00 1.00 1.00 1.00 18.00 19.00 12.00 896.00 19.00 18.00 13.00 2.00 13.00 15.00 8.00 913.00 14.00 39.00 34.00 15.00 898.00 16.00 13.00 20.00 1.00 3.00 17.00 17.00 14.00 900.00 30.00 39.00 38.00 616.00 291.00 11.00 
25.00 19.00 10.00 15.00 385.00 538.00 23.00 16.00 27.00 20.00 14.00 888.00 21.00 27.00 38.00 20.00 557.00 364.00 12.00 35.00 24.00 12.00 908.00 19.00 18.00 8.00 13.00 10.00 20.00 906.00 15.00 21.00 11.00 1.00 0.00 0.00 0.00 0.00 0.00 0.00 0.00 0.00 0.00 0.00 2.00 2.00 1.00 14.00 13.00 13.00 912.00 12.00 18.00 14.00 1.00 16.00 16.00 17.00 893.00 20.00 27.00 16.00 20.00 285.00 21.00 622.00 20.00 14.00 9.00 21.00 9.00 9.00 911.00 17.00 35.00 32.00 12.00 900.00 16.00 
13.00 41.00 13.00 18.00 893.00 20.00 13.00 19.00 11.00 10.00 237.00 701.00 16.00 14.00 23.00 17.00 10.00 896.00 18.00 40.00 41.00 18.00 887.00 20.00 18.00 20.00 22.00 10.00 12.00 917.00 11.00 16.00 11.00 1.00 1.00 0.00 0.00 0.00 0.00 0.00 0.00 0.00 0.00 0.00 0.00 0.00 3.00 18.00 14.00 8.00 908.00 11.00 15.00 17.00 2.00 13.00 19.00 23.00 905.00 14.00 12.00 19.00 15.00 11.00 10.00 928.00 12.00 11.00 12.00 7.00 17.00 17.00 902.00 20.00 37.00 36.00 23.00 894.00 19.00 
25.00 29.00 15.00 627.00 307.00 10.00 12.00 17.00 15.00 15.00 913.00 14.00 12.00 18.00 12.00 18.00 11.00 902.00 9.00 24.00 27.00 18.00 21.00 12.00 903.00 19.00 31.00 25.00 10.00 900.00 18.00 18.00 20.00 1.00 0.00 0.00 0.00 0.00 0.00 0.00 0.00 0.00 0.00 0.00 0.00 0.00 0.00 17.00 23.00 16.00 889.00 17.00 21.00 15.00 2.00 16.00 13.00 25.00 896.00 14.00 20.00 15.00 14.00 18.00 14.00 908.00 29.00 35.00 21.00 537.00 18.00 10.00 387.00 5.00 15.00 29.00 7.00 911.00 15.00 
36.00 15.00 17.00 910.00 10.00 15.00 16.00 14.00 15.00 11.00 908.00 11.00 15.00 22.00 13.00 18.00 16.00 908.00 16.00 20.00 11.00 20.00 11.00 19.00 896.00 11.00 38.00 34.00 19.00 891.00 21.00 19.00 17.00 3.00 1.00 0.00 0.00 0.00 0.00 0.00 0.00 0.00 0.00 0.00 1.00 0.00 2.00 23.00 17.00 9.00 900.00 17.00 12.00 19.00 0.00 12.00 16.00 16.00 909.00 14.00 13.00 22.00 27.00 16.00 249.00 662.00 40.00 36.00 36.00 883.00 13.00 18.00 19.00 11.00 20.00 19.00 778.00 130.00 24.00 
28.00 17.00 17.00 906.00 20.00 14.00 19.00 11.00 17.00 16.00 925.00 15.00 8.00 8.00 13.00 14.00 19.00 900.00 22.00 21.00 11.00 17.00 11.00 19.00 915.00 13.00 27.00 27.00 14.00 916.00 18.00 6.00 16.00 0.00 1.00 0.00 0.00 0.00 0.00 0.00 0.00 0.00 0.00 0.00 0.00 0.00 0.00 27.00 13.00 11.00 887.00 22.00 16.00 22.00 1.00 18.00 13.00 18.00 905.00 11.00 19.00 30.00 19.00 15.00 914.00 13.00 27.00 28.00 23.00 911.00 15.00 12.00 10.00 7.00 20.00 15.00 903.00 18.00 16.00 
29.00 24.00 22.00 882.00 23.00 18.00 16.00 17.00 9.00 16.00 906.00 19.00 13.00 17.00 16.00 15.00 20.00 917.00 5.00 16.00 23.00 13.00 17.00 494.00 426.00 15.00 30.00 17.00 12.00 915.00 26.00 11.00 15.00 0.00 0.00 0.00 0.00 0.00 0.00 0.00 0.00 0.00 0.00 0.00 1.00 0.00 1.00 16.00 15.00 13.00 902.00 17.00 18.00 15.00 1.00 15.00 16.00 22.00 901.00 25.00 17.00 36.00 496.00 18.00 426.00 15.00 25.00 21.00 25.00 897.00 11.00 14.00 20.00 13.00 11.00 16.00 916.00 17.00 14.00 
25.00 15.00 13.00 908.00 14.00 17.00 24.00 16.00 19.00 16.00 902.00 15.00 16.00 14.00 17.00 13.00 10.00 909.00 17.00 21.00 35.00 17.00 20.00 881.00 18.00 19.00 33.00 12.00 16.00 911.00 9.00 15.00 25.00 1.00 3.00 0.00 0.00 0.00 0.00 0.00 0.00 0.00 0.00 0.00 1.00 0.00 1.00 15.00 12.00 17.00 913.00 14.00 19.00 13.00 1.00 16.00 19.00 17.00 905.00 34.00 33.00 24.00 895.00 18.00 18.00 18.00 19.00 19.00 20.00 893.00 13.00 12.00 18.00 11.00 27.00 20.00 897.00 17.00 15.00 
40.00 15.00 14.00 895.00 13.00 25.00 13.00 25.00 23.00 15.00 878.00 17.00 22.00 19.00 26.00 18.00 13.00 893.00 23.00 20.00 26.00 22.00 15.00 898.00 11.00 19.00 32.00 14.00 19.00 903.00 22.00 16.00 10.00 1.00 0.00 0.00 0.00 0.00 0.00 0.00 0.00 0.00 0.00 0.00 0.00 2.00 1.00 17.00 15.00 20.00 893.00 15.00 20.00 22.00 7.00 15.00 487.00 17.00 443.00 12.00 9.00 28.00 179.00 18.00 736.00 11.00 37.00 24.00 7.00 912.00 14.00 21.00 19.00 18.00 19.00 12.00 896.00 23.00 16.00 
35.00 12.00 16.00 904.00 14.00 15.00 20.00 21.00 12.00 25.00 913.00 15.00 9.00 6.00 17.00 13.00 13.00 908.00 15.00 21.00 24.00 17.00 28.00 902.00 14.00 16.00 37.00 13.00 13.00 912.00 9.00 13.00 12.00 1.00 2.00 0.00 0.00 0.00 0.00 0.00 0.00 0.00 0.00 0.00 0.00 0.00 0.00 16.00 14.00 9.00 892.00 29.00 20.00 36.00 16.00 22.00 898.00 18.00 15.00 14.00 0.00 17.00 12.00 16.00 897.00 17.00 30.00 38.00 15.00 911.00 19.00 15.00 11.00 14.00 16.00 13.00 915.00 15.00 13.00 
35.00 18.00 18.00 896.00 11.00 24.00 17.00 13.00 23.00 23.00 875.00 16.00 25.00 22.00 18.00 17.00 12.00 906.00 14.00 24.00 31.00 22.00 18.00 902.00 10.00 15.00 23.00 8.00 11.00 909.00 20.00 24.00 15.00 3.00 0.00 0.00 0.00 0.00 0.00 0.00 0.00 0.00 0.00 0.00 0.00 0.00 1.00 12.00 17.00 12.00 909.00 19.00 15.00 16.00 19.00 15.00 199.00 711.00 23.00 17.00 16.00 22.00 13.00 19.00 897.00 14.00 33.00 36.00 24.00 887.00 17.00 23.00 14.00 14.00 24.00 18.00 891.00 23.00 12.00 
36.00 16.00 22.00 893.00 9.00 26.00 22.00 19.00 12.00 8.00 907.00 18.00 17.00 18.00 13.00 14.00 21.00 894.00 18.00 22.00 23.00 18.00 15.00 567.00 366.00 10.00 30.00 23.00 24.00 909.00 9.00 10.00 14.00 0.00 0.00 0.00 0.00 0.00 0.00 0.00 0.00 0.00 0.00 1.00 2.00 0.00 4.00 22.00 16.00 16.00 894.00 12.00 18.00 16.00 20.00 19.00 16.00 893.00 17.00 17.00 15.00 20.00 17.00 27.00 893.00 16.00 27.00 45.00 16.00 895.00 18.00 18.00 12.00 18.00 18.00 14.00 892.00 13.00 20.00 
28.00 22.00 17.00 902.00 17.00 20.00 16.00 16.00 9.00 13.00 911.00 13.00 16.00 18.00 18.00 19.00 24.00 890.00 16.00 22.00 16.00 12.00 16.00 16.00 905.00 20.00 23.00 29.00 19.00 904.00 15.00 21.00 18.00 0.00 0.00 0.00 0.00 0.00 0.00 0.00 0.00 0.00 0.00 0.00 0.00 0.00 0.00 15.00 23.00 17.00 885.00 21.00 21.00 18.00 12.00 17.00 17.00 910.00 17.00 16.00 10.00 17.00 16.00 17.00 899.00 17.00 39.00 37.00 14.00 899.00 18.00 14.00 14.00 14.00 22.00 17.00 889.00 20.00 17.00 
36.00 15.00 16.00 890.00 19.00 21.00 21.00 16.00 17.00 16.00 905.00 14.00 18.00 16.00 15.00 16.00 16.00 899.00 24.00 15.00 13.00 6.00 12.00 17.00 323.00 602.00 31.00 37.00 26.00 890.00 15.00 21.00 20.00 0.00 0.00 0.00 0.00 0.00 0.00 0.00 0.00 0.00 0.00 0.00 0.00 0.00 1.00 19.00 24.00 13.00 894.00 15.00 16.00 16.00 13.00 17.00 9.00 907.00 11.00 18.00 22.00 8.00 13.00 14.00 909.00 13.00 44.00 30.00 18.00 903.00 21.00 20.00 11.00 17.00 6.00 9.00 919.00 15.00 17.00 
32.00 25.00 16.00 902.00 13.00 16.00 11.00 13.00 10.00 18.00 915.00 13.00 16.00 10.00 20.00 14.00 15.00 907.00 13.00 21.00 12.00 2.00 12.00 14.00 18.00 905.00 35.00 33.00 31.00 890.00 24.00 14.00 20.00 0.00 1.00 2.00 0.00 0.00 0.00 0.00 0.00 0.00 0.00 1.00 2.00 0.00 1.00 26.00 12.00 17.00 895.00 13.00 14.00 20.00 14.00 15.00 14.00 903.00 16.00 16.00 20.00 18.00 8.00 17.00 914.00 12.00 33.00 36.00 12.00 902.00 21.00 14.00 13.00 26.00 19.00 20.00 892.00 18.00 13.00 
41.00 23.00 8.00 908.00 14.00 17.00 10.00 28.00 21.00 23.00 881.00 12.00 20.00 17.00 17.00 15.00 15.00 902.00 11.00 20.00 16.00 2.00 13.00 16.00 15.00 899.00 28.00 31.00 34.00 362.00 566.00 7.00 22.00 6.00 1.00 0.00 0.00 0.00 0.00 0.00 0.00 0.00 0.00 0.00 0.00 1.00 2.00 20.00 14.00 16.00 903.00 14.00 14.00 19.00 16.00 13.00 18.00 905.00 14.00 16.00 15.00 15.00 17.00 15.00 900.00 18.00 36.00 35.00 18.00 890.00 23.00 18.00 12.00 15.00 12.00 12.00 912.00 13.00 18.00 
30.00 13.00 15.00 905.00 15.00 18.00 13.00 20.00 15.00 20.00 892.00 15.00 22.00 16.00 20.00 24.00 15.00 890.00 17.00 15.00 20.00 0.00 15.00 15.00 12.00 924.00 10.00 21.00 34.00 14.00 905.00 14.00 11.00 21.00 1.00 2.00 0.00 0.00 1.00 0.00 0.00 0.00 0.00 0.00 0.00 3.00 0.00 20.00 15.00 19.00 893.00 15.00 16.00 18.00 22.00 23.00 19.00 891.00 14.00 15.00 20.00 14.00 21.00 17.00 901.00 15.00 33.00 33.00 13.00 918.00 8.00 14.00 11.00 15.00 12.00 22.00 900.00 17.00 23.00 
34.00 20.00 10.00 902.00 19.00 12.00 19.00 20.00 12.00 12.00 909.00 21.00 13.00 13.00 12.00 13.00 19.00 912.00 10.00 13.00 19.00 0.00 20.00 18.00 19.00 891.00 18.00 32.00 35.00 24.00 890.00 17.00 18.00 18.00 0.00 0.00 0.00 0.00 0.00 0.00 0.00 0.00 0.00 0.00 0.00 0.00 1.00 21.00 18.00 12.00 888.00 17.00 21.00 21.00 22.00 20.00 13.00 900.00 16.00 18.00 11.00 15.00 10.00 17.00 914.00 13.00 32.00 34.00 12.00 920.00 10.00 12.00 10.00 28.00 18.00 23.00 891.00 16.00 12.00 
39.00 10.00 12.00 904.00 18.00 16.00 19.00 19.00 6.00 17.00 906.00 19.00 18.00 15.00 20.00 21.00 16.00 898.00 11.00 15.00 18.00 0.00 18.00 23.00 17.00 899.00 17.00 26.00 23.00 18.00 911.00 14.00 19.00 15.00 0.00 1.00 0.00 0.00 0.00 0.00 0.00 0.00 0.00 0.00 0.00 1.00 0.00 9.00 14.00 14.00 910.00 19.00 16.00 16.00 27.00 16.00 19.00 886.00 20.00 30.00 19.00 17.00 453.00 18.00 449.00 27.00 26.00 25.00 13.00 911.00 21.00 13.00 12.00 12.00 21.00 15.00 892.00 14.00 27.00 
35.00 17.00 21.00 893.00 14.00 12.00 23.00 20.00 12.00 16.00 906.00 13.00 12.00 18.00 16.00 15.00 20.00 907.00 14.00 19.00 10.00 1.00 21.00 13.00 26.00 892.00 13.00 33.00 29.00 15.00 901.00 15.00 22.00 15.00 0.00 1.00 2.00 0.00 0.00 0.00 0.00 0.00 0.00 0.00 0.00 0.00 0.00 7.00 12.00 14.00 922.00 24.00 10.00 13.00 19.00 10.00 21.00 906.00 13.00 36.00 31.00 14.00 898.00 18.00 18.00 15.00 20.00 14.00 18.00 902.00 16.00 15.00 14.00 18.00 18.00 19.00 900.00 17.00 16.00 
28.00 20.00 20.00 898.00 17.00 15.00 15.00 19.00 13.00 16.00 899.00 25.00 16.00 10.00 12.00 13.00 17.00 911.00 23.00 18.00 23.00 11.00 719.00 15.00 17.00 208.00 7.00 18.00 17.00 16.00 906.00 19.00 14.00 14.00 2.00 0.00 0.00 0.00 0.00 0.00 0.00 0.00 0.00 0.00 5.00 3.00 1.00 163.00 12.00 14.00 761.00 12.00 18.00 13.00 14.00 27.00 17.00 470.00 425.00 30.00 33.00 28.00 890.00 26.00 22.00 18.00 23.00 8.00 20.00 912.00 12.00 14.00 12.00 12.00 13.00 18.00 916.00 18.00 9.00 
26.00 14.00 15.00 908.00 20.00 15.00 12.00 12.00 9.00 21.00 919.00 13.00 13.00 15.00 18.00 21.00 12.00 901.00 18.00 22.00 30.00 16.00 910.00 22.00 20.00 9.00 2.00 17.00 20.00 10.00 903.00 23.00 13.00 12.00 0.00 0.00 0.00 0.00 0.00 0.00 0.00 0.00 1.00 0.00 17.00 13.00 21.00 904.00 14.00 12.00 17.00 0.00 1.00 0.00 1.00 14.00 14.00 22.00 896.00 32.00 48.00 26.00 841.00 20.00 68.00 14.00 19.00 16.00 12.00 917.00 16.00 15.00 12.00 14.00 11.00 20.00 905.00 14.00 22.00 
36.00 14.00 15.00 912.00 15.00 18.00 15.00 12.00 20.00 14.00 898.00 19.00 20.00 14.00 15.00 11.00 21.00 902.00 23.00 33.00 25.00 17.00 894.00 17.00 23.00 21.00 0.00 10.00 19.00 22.00 898.00 20.00 12.00 19.00 1.00 0.00 0.00 0.00 0.00 0.00 0.00 1.00 1.00 1.00 16.00 13.00 12.00 916.00 14.00 14.00 10.00 1.00 1.00 0.00 1.00 17.00 13.00 14.00 903.00 19.00 16.00 31.00 16.00 19.00 904.00 17.00 30.00 32.00 12.00 904.00 14.00 24.00 14.00 12.00 19.00 24.00 894.00 12.00 14.00 
39.00 19.00 5.00 894.00 26.00 11.00 23.00 17.00 13.00 12.00 900.00 16.00 23.00 18.00 14.00 19.00 18.00 860.00 57.00 30.00 32.00 15.00 912.00 12.00 16.00 15.00 3.00 19.00 12.00 22.00 900.00 16.00 13.00 14.00 0.00 1.00 0.00 0.00 0.00 0.00 0.00 0.00 0.00 0.00 15.00 11.00 23.00 907.00 16.00 15.00 13.00 0.00 1.00 0.00 2.00 14.00 25.00 17.00 908.00 12.00 13.00 18.00 18.00 13.00 904.00 16.00 32.00 32.00 22.00 904.00 12.00 18.00 16.00 24.00 14.00 20.00 900.00 10.00 19.00 
40.00 17.00 22.00 900.00 10.00 13.00 16.00 9.00 26.00 17.00 898.00 15.00 17.00 16.00 1.00 25.00 17.00 17.00 901.00 38.00 32.00 31.00 884.00 17.00 19.00 19.00 0.00 18.00 18.00 14.00 909.00 11.00 17.00 12.00 0.00 1.00 1.00 0.00 0.00 0.00 0.00 2.00 1.00 1.00 11.00 18.00 10.00 906.00 17.00 17.00 16.00 0.00 0.00 1.00 1.00 16.00 21.00 14.00 894.00 22.00 11.00 39.00 18.00 18.00 896.00 21.00 36.00 28.00 16.00 893.00 15.00 20.00 22.00 13.00 11.00 7.00 918.00 16.00 16.00 
30.00 17.00 21.00 898.00 17.00 16.00 18.00 11.00 11.00 16.00 918.00 11.00 15.00 21.00 9.00 24.00 298.00 18.00 614.00 19.00 23.00 12.00 353.00 12.00 14.00 575.00 12.00 20.00 26.00 13.00 911.00 16.00 19.00 9.00 0.00 0.00 0.00 0.00 0.00 0.00 0.00 1.00 0.00 0.00 14.00 18.00 21.00 889.00 16.00 20.00 20.00 1.00 0.00 0.00 0.00 16.00 15.00 12.00 908.00 18.00 17.00 33.00 15.00 16.00 895.00 23.00 25.00 38.00 16.00 906.00 15.00 21.00 13.00 12.00 18.00 18.00 904.00 14.00 15.00 
34.00 15.00 19.00 911.00 15.00 10.00 12.00 19.00 19.00 15.00 895.00 18.00 18.00 31.00 19.00 17.00 900.00 17.00 17.00 12.00 2.00 2.00 14.00 18.00 14.00 897.00 15.00 37.00 32.00 21.00 893.00 17.00 17.00 19.00 2.00 2.00 0.00 0.00 0.00 0.00 1.00 1.00 0.00 2.00 18.00 11.00 9.00 919.00 16.00 9.00 14.00 0.00 1.00 0.00 1.00 17.00 19.00 12.00 896.00 21.00 12.00 43.00 13.00 20.00 887.00 22.00 24.00 37.00 19.00 911.00 14.00 16.00 15.00 15.00 11.00 13.00 916.00 20.00 10.00 
19.00 21.00 18.00 372.00 540.00 17.00 18.00 23.00 17.00 24.00 881.00 19.00 26.00 30.00 21.00 16.00 891.00 16.00 24.00 18.00 5.00 0.00 15.00 14.00 17.00 907.00 13.00 23.00 37.00 17.00 400.00 514.00 18.00 16.00 8.00 0.00 0.00 0.00 0.00 0.00 0.00 0.00 1.00 1.00 22.00 14.00 16.00 906.00 10.00 15.00 13.00 1.00 0.00 1.00 9.00 14.00 16.00 548.00 362.00 21.00 19.00 22.00 15.00 16.00 907.00 15.00 25.00 36.00 13.00 909.00 15.00 15.00 23.00 23.00 19.00 17.00 901.00 12.00 13.00 
16.00 24.00 16.00 16.00 893.00 18.00 18.00 27.00 18.00 14.00 519.00 400.00 7.00 38.00 33.00 20.00 895.00 15.00 13.00 20.00 0.00 1.00 10.00 11.00 15.00 913.00 22.00 19.00 29.00 17.00 21.00 901.00 11.00 15.00 13.00 1.00 0.00 0.00 0.00 0.00 0.00 0.00 2.00 2.00 19.00 18.00 14.00 893.00 19.00 13.00 17.00 0.00 0.00 2.00 16.00 14.00 18.00 893.00 25.00 17.00 22.00 21.00 22.00 15.00 896.00 18.00 30.00 32.00 10.00 907.00 13.00 14.00 23.00 16.00 17.00 19.00 893.00 12.00 19.00 
13.00 3.00 14.00 8.00 123.00 793.00 19.00 23.00 31.00 13.00 8.00 915.00 15.00 34.00 27.00 29.00 906.00 13.00 15.00 11.00 2.00 1.00 19.00 19.00 17.00 895.00 17.00 21.00 27.00 14.00 15.00 911.00 13.00 18.00 10.00 1.00 1.00 0.00 0.00 0.00 0.00 0.00 2.00 0.00 19.00 11.00 10.00 908.00 24.00 16.00 10.00 0.00 0.00 0.00 12.00 6.00 14.00 921.00 14.00 18.00 14.00 13.00 17.00 20.00 892.00 21.00 31.00 29.00 19.00 898.00 19.00 20.00 21.00 12.00 18.00 24.00 898.00 19.00 16.00 
18.00 1.00 162.00 12.00 19.00 767.00 25.00 30.00 31.00 641.00 21.00 259.00 17.00 30.00 30.00 12.00 897.00 14.00 15.00 18.00 7.00 6.00 430.00 13.00 13.00 500.00 6.00 11.00 30.00 13.00 17.00 903.00 16.00 15.00 14.00 1.00 1.00 1.00 0.00 0.00 0.00 0.00 0.00 1.00 18.00 14.00 21.00 901.00 15.00 15.00 14.00 0.00 1.00 0.00 9.00 23.00 15.00 904.00 12.00 15.00 21.00 11.00 10.00 16.00 913.00 16.00 38.00 27.00 16.00 903.00 11.00 22.00 17.00 12.00 18.00 17.00 900.00 21.00 17.00 
25.00 21.00 909.00 14.00 11.00 16.00 16.00 18.00 18.00 896.00 17.00 19.00 14.00 13.00 15.00 13.00 921.00 13.00 10.00 33.00 19.00 19.00 886.00 20.00 14.00 21.00 1.00 2.00 17.00 18.00 13.00 911.00 16.00 15.00 7.00 1.00 1.00 0.00 0.00 0.00 0.00 0.00 2.00 1.00 13.00 15.00 14.00 908.00 14.00 15.00 18.00 0.00 0.00 1.00 11.00 13.00 12.00 913.00 18.00 16.00 17.00 20.00 16.00 18.00 899.00 18.00 30.00 28.00 18.00 910.00 11.00 15.00 16.00 14.00 12.00 21.00 910.00 20.00 30.00 
34.00 13.00 897.00 22.00 20.00 18.00 18.00 14.00 16.00 903.00 21.00 10.00 19.00 10.00 11.00 15.00 924.00 12.00 11.00 32.00 18.00 14.00 915.00 12.00 9.00 17.00 1.00 0.00 11.00 19.00 14.00 899.00 22.00 20.00 12.00 1.00 0.00 1.00 0.00 0.00 0.00 1.00 0.00 0.00 13.00 15.00 19.00 903.00 14.00 16.00 17.00 1.00 1.00 1.00 14.00 8.00 11.00 912.00 17.00 20.00 17.00 23.00 14.00 24.00 893.00 21.00 37.00 19.00 15.00 902.00 15.00 20.00 16.00 18.00 15.00 28.00 895.00 11.00 29.00 
22.00 16.00 903.00 13.00 15.00 14.00 13.00 20.00 12.00 914.00 15.00 17.00 12.00 12.00 14.00 20.00 892.00 24.00 23.00 34.00 20.00 20.00 902.00 15.00 14.00 7.00 2.00 1.00 15.00 15.00 19.00 900.00 18.00 18.00 13.00 0.00 0.00 0.00 0.00 0.00 0.00 0.00 0.00 1.00 13.00 24.00 20.00 897.00 18.00 13.00 11.00 1.00 2.00 4.00 19.00 23.00 14.00 882.00 19.00 20.00 18.00 14.00 15.00 14.00 912.00 19.00 22.00 27.00 21.00 909.00 17.00 18.00 26.00 14.00 19.00 580.00 337.00 17.00 36.00 
2.00 4.00 263.00 15.00 21.00 16.00 657.00 25.00 24.00 919.00 15.00 21.00 15.00 18.00 13.00 20.00 912.00 15.00 10.00 27.00 14.00 14.00 927.00 10.00 9.00 11.00 1.00 4.00 26.00 16.00 16.00 881.00 18.00 20.00 16.00 1.00 0.00 2.00 0.00 0.00 0.00 0.00 1.00 0.00 17.00 10.00 16.00 912.00 19.00 13.00 12.00 1.00 1.00 4.00 19.00 15.00 17.00 901.00 16.00 18.00 8.00 11.00 17.00 15.00 897.00 20.00 31.00 36.00 13.00 910.00 15.00 16.00 37.00 15.00 12.00 919.00 11.00 12.00 15.00 
1.00 1.00 0.00 19.00 24.00 14.00 910.00 18.00 27.00 401.00 15.00 19.00 516.00 24.00 28.00 32.00 895.00 27.00 19.00 26.00 15.00 18.00 910.00 15.00 10.00 15.00 1.00 2.00 12.00 15.00 19.00 894.00 24.00 14.00 19.00 0.00 2.00 0.00 0.00 0.00 0.00 1.00 0.00 0.00 15.00 12.00 9.00 921.00 11.00 12.00 18.00 0.00 1.00 0.00 19.00 19.00 19.00 896.00 16.00 16.00 17.00 19.00 23.00 23.00 885.00 16.00 35.00 35.00 12.00 899.00 19.00 13.00 38.00 14.00 17.00 902.00 21.00 9.00 17.00 
18.00 900.00 18.00 12.00 15.00 0.00 1.00 1.00 2.00 20.00 18.00 18.00 893.00 10.00 21.00 32.00 19.00 21.00 899.00 37.00 30.00 38.00 889.00 18.00 20.00 14.00 4.00 2.00 15.00 14.00 18.00 908.00 18.00 10.00 11.00 0.00 0.00 0.00 0.00 0.00 0.00 0.00 0.00 1.00 14.00 16.00 17.00 896.00 15.00 17.00 23.00 1.00 0.00 0.00 10.00 13.00 19.00 904.00 22.00 17.00 15.00 11.00 20.00 16.00 914.00 12.00 13.00 16.00 20.00 95.00 14.00 826.00 30.00 216.00 24.00 733.00 20.00 26.00 30.00 
15.00 909.00 14.00 14.00 20.00 0.00 0.00 1.00 2.00 16.00 15.00 11.00 909.00 16.00 18.00 32.00 22.00 28.00 887.00 33.00 29.00 35.00 898.00 17.00 13.00 18.00 1.00 1.00 15.00 14.00 15.00 914.00 15.00 15.00 9.00 1.00 1.00 0.00 0.00 0.00 0.00 1.00 2.00 0.00 15.00 15.00 17.00 897.00 19.00 17.00 15.00 1.00 0.00 2.00 16.00 11.00 13.00 894.00 20.00 15.00 24.00 11.00 21.00 17.00 904.00 27.00 23.00 19.00 183.00 18.00 30.00 740.00 41.00 912.00 29.00 17.00 15.00 11.00 15.00 
8.00 911.00 23.00 13.00 18.00 0.00 1.00 5.00 2.00 13.00 121.00 16.00 806.00 21.00 7.00 26.00 25.00 21.00 895.00 26.00 21.00 30.00 918.00 15.00 20.00 12.00 1.00 3.00 18.00 22.00 12.00 891.00 20.00 16.00 15.00 1.00 0.00 0.00 0.00 0.00 0.00 1.00 0.00 1.00 14.00 20.00 19.00 892.00 18.00 15.00 19.00 0.00 2.00 1.00 15.00 15.00 14.00 906.00 16.00 17.00 18.00 18.00 25.00 15.00 899.00 30.00 36.00 30.00 909.00 15.00 18.00 33.00 24.00 902.00 14.00 13.00 14.00 14.00 15.00 
23.00 899.00 11.00 16.00 16.00 1.00 3.00 20.00 17.00 17.00 899.00 20.00 20.00 29.00 510.00 17.00 8.00 15.00 417.00 24.00 21.00 22.00 893.00 18.00 15.00 16.00 0.00 1.00 14.00 12.00 14.00 919.00 11.00 11.00 17.00 1.00 0.00 0.00 0.00 0.00 0.00 1.00 1.00 1.00 18.00 8.00 21.00 898.00 17.00 17.00 14.00 3.00 1.00 1.00 21.00 18.00 11.00 904.00 18.00 10.00 18.00 23.00 19.00 17.00 901.00 23.00 27.00 32.00 902.00 21.00 24.00 32.00 14.00 916.00 17.00 14.00 15.00 20.00 15.00 
10.00 887.00 22.00 18.00 16.00 0.00 2.00 24.00 21.00 14.00 900.00 31.00 31.00 21.00 917.00 13.00 12.00 14.00 1.00 20.00 17.00 24.00 892.00 17.00 19.00 10.00 1.00 1.00 15.00 12.00 18.00 911.00 21.00 12.00 9.00 1.00 0.00 0.00 0.00 0.00 0.00 0.00 0.00 0.00 21.00 12.00 22.00 889.00 17.00 17.00 19.00 2.00 2.00 1.00 13.00 13.00 20.00 904.00 17.00 20.00 13.00 21.00 139.00 18.00 782.00 28.00 25.00 23.00 919.00 17.00 30.00 37.00 17.00 895.00 15.00 17.00 17.00 22.00 22.00 
16.00 907.00 17.00 12.00 11.00 2.00 1.00 19.00 25.00 14.00 895.00 24.00 34.00 27.00 899.00 19.00 22.00 21.00 2.00 19.00 9.00 10.00 912.00 20.00 16.00 11.00 2.00 3.00 17.00 16.00 18.00 905.00 15.00 7.00 15.00 1.00 0.00 1.00 0.00 0.00 0.00 0.00 0.00 2.00 14.00 15.00 23.00 896.00 20.00 7.00 23.00 0.00 0.00 0.00 12.00 17.00 18.00 907.00 13.00 27.00 36.00 25.00 897.00 22.00 9.00 29.00 16.00 14.00 901.00 19.00 40.00 39.00 21.00 889.00 14.00 12.00 21.00 17.00 21.00 
15.00 893.00 19.00 20.00 13.00 0.00 2.00 4.00 9.00 3.00 288.00 17.00 26.00 21.00 893.00 11.00 23.00 20.00 5.00 22.00 19.00 15.00 895.00 19.00 15.00 11.00 1.00 1.00 19.00 20.00 15.00 893.00 17.00 18.00 14.00 2.00 1.00 0.00 0.00 0.00 0.00 1.00 1.00 0.00 15.00 13.00 17.00 898.00 21.00 14.00 19.00 1.00 2.00 12.00 21.00 119.00 646.00 805.00 25.00 39.00 41.00 17.00 900.00 23.00 18.00 27.00 12.00 15.00 905.00 20.00 29.00 33.00 17.00 908.00 21.00 17.00 13.00 20.00 16.00 
20.00 902.00 17.00 18.00 14.00 2.00 0.00 0.00 0.00 0.00 1.00 15.00 12.00 18.00 909.00 17.00 16.00 14.00 1.00 11.00 23.00 11.00 913.00 12.00 14.00 13.00 1.00 2.00 8.00 18.00 17.00 896.00 21.00 13.00 20.00 2.00 1.00 1.00 0.00 0.00 0.00 0.00 0.00 0.00 13.00 18.00 18.00 894.00 17.00 20.00 14.00 5.00 17.00 22.00 32.00 941.00 908.00 28.00 29.00 38.00 18.00 15.00 899.00 16.00 23.00 37.00 14.00 25.00 892.00 19.00 26.00 36.00 13.00 904.00 17.00 17.00 17.00 9.00 16.00 
12.00 896.00 19.00 18.00 21.00 0.00 1.00 1.00 0.00 1.00 2.00 18.00 12.00 11.00 898.00 17.00 18.00 22.00 1.00 19.00 12.00 14.00 918.00 10.00 17.00 8.00 2.00 2.00 16.00 10.00 26.00 904.00 13.00 13.00 40.00 16.00 24.00 859.00 14.00 11.00 14.00 2.00 0.00 5.00 13.00 11.00 15.00 911.00 14.00 12.00 16.00 1.00 21.00 14.00 15.00 904.00 48.00 15.00 24.00 11.00 22.00 18.00 913.00 12.00 11.00 25.00 22.00 20.00 890.00 19.00 37.00 37.00 15.00 898.00 15.00 16.00 16.00 17.00 15.00 
16.00 919.00 11.00 18.00 10.00 1.00 1.00 0.00 0.00 1.00 1.00 17.00 17.00 13.00 903.00 13.00 18.00 17.00 1.00 15.00 19.00 15.00 885.00 27.00 18.00 19.00 1.00 1.00 23.00 10.00 18.00 916.00 15.00 12.00 21.00 17.00 22.00 885.00 17.00 19.00 20.00 1.00 1.00 2.00 11.00 13.00 15.00 904.00 15.00 16.00 21.00 3.00 19.00 7.00 20.00 909.00 16.00 18.00 13.00 16.00 20.00 15.00 904.00 20.00 9.00 31.00 8.00 20.00 907.00 19.00 21.00 35.00 16.00 905.00 23.00 14.00 17.00 13.00 11.00 
12.00 901.00 17.00 20.00 20.00 1.00 1.00 0.00 0.00 0.00 0.00 14.00 15.00 18.00 911.00 10.00 14.00 16.00 0.00 8.00 15.00 20.00 908.00 18.00 11.00 19.00 2.00 2.00 16.00 25.00 12.00 902.00 11.00 21.00 28.00 21.00 19.00 891.00 17.00 14.00 19.00 1.00 1.00 0.00 25.00 27.00 17.00 891.00 14.00 13.00 14.00 1.00 12.00 15.00 20.00 913.00 20.00 7.00 10.00 1.00 16.00 21.00 31.00 871.00 22.00 23.00 39.00 23.00 380.00 529.00 34.00 26.00 21.00 904.00 21.00 14.00 22.00 17.00 15.00 
16.00 906.00 17.00 16.00 13.00 0.00 1.00 0.00 1.00 0.00 2.00 12.00 21.00 17.00 907.00 13.00 17.00 10.00 3.00 15.00 22.00 11.00 906.00 11.00 16.00 14.00 2.00 1.00 14.00 20.00 17.00 886.00 22.00 22.00 32.00 17.00 20.00 895.00 18.00 17.00 17.00 1.00 1.00 0.00 17.00 20.00 12.00 899.00 14.00 21.00 15.00 1.00 12.00 11.00 19.00 911.00 15.00 13.00 20.00 3.00 14.00 14.00 20.00 897.00 15.00 22.00 32.00 11.00 13.00 902.00 19.00 24.00 43.00 123.00 805.00 13.00 16.00 29.00 16.00 
18.00 897.00 15.00 18.00 15.00 1.00 0.00 1.00 0.00 0.00 0.00 7.00 15.00 14.00 918.00 14.00 13.00 18.00 2.00 21.00 23.00 18.00 890.00 15.00 13.00 16.00 2.00 0.00 2.00 14.00 12.00 91.00 830.00 11.00 38.00 36.00 14.00 902.00 22.00 14.00 13.00 2.00 1.00 2.00 17.00 12.00 20.00 915.00 15.00 13.00 8.00 0.00 16.00 11.00 8.00 924.00 11.00 15.00 13.00 2.00 17.00 18.00 13.00 891.00 24.00 32.00 27.00 14.00 785.00 139.00 15.00 31.00 15.00 21.00 898.00 20.00 22.00 28.00 22.00 
16.00 699.00 17.00 221.00 16.00 2.00 6.00 0.00 0.00 0.00 1.00 13.00 20.00 16.00 900.00 15.00 24.00 10.00 0.00 8.00 13.00 17.00 910.00 24.00 14.00 13.00 0.00 3.00 0.00 14.00 18.00 17.00 893.00 20.00 42.00 27.00 21.00 898.00 16.00 20.00 11.00 2.00 2.00 1.00 19.00 12.00 19.00 907.00 17.00 11.00 12.00 0.00 21.00 15.00 14.00 903.00 15.00 19.00 11.00 1.00 14.00 14.00 20.00 909.00 23.00 26.00 28.00 21.00 900.00 28.00 10.00 24.00 12.00 19.00 906.00 12.00 17.00 29.00 12.00 
14.00 21.00 20.00 882.00 22.00 18.00 20.00 1.00 1.00 1.00 1.00 14.00 11.00 18.00 907.00 19.00 13.00 15.00 0.00 19.00 13.00 22.00 904.00 16.00 10.00 12.00 2.00 2.00 1.00 14.00 24.00 14.00 885.00 21.00 44.00 29.00 23.00 900.00 16.00 15.00 12.00 0.00 0.00 1.00 14.00 20.00 14.00 892.00 21.00 16.00 25.00 0.00 20.00 15.00 16.00 908.00 15.00 8.00 17.00 1.00 14.00 21.00 11.00 904.00 18.00 38.00 35.00 17.00 887.00 19.00 20.00 29.00 26.00 15.00 890.00 12.00 15.00 28.00 2.00 
15.00 12.00 13.00 892.00 20.00 21.00 25.00 0.00 2.00 0.00 2.00 14.00 15.00 13.00 910.00 14.00 14.00 19.00 0.00 14.00 13.00 18.00 911.00 17.00 8.00 18.00 0.00 0.00 0.00 19.00 12.00 18.00 908.00 11.00 29.00 26.00 22.00 906.00 12.00 19.00 16.00 1.00 0.00 2.00 20.00 17.00 19.00 901.00 15.00 16.00 10.00 4.00 14.00 12.00 14.00 911.00 11.00 16.00 25.00 7.00 22.00 754.00 22.00 170.00 15.00 23.00 21.00 18.00 895.00 9.00 18.00 40.00 27.00 21.00 891.00 14.00 11.00 14.00 2.00 
16.00 12.00 16.00 905.00 12.00 13.00 24.00 1.00 0.00 2.00 1.00 15.00 19.00 14.00 881.00 24.00 18.00 23.00 3.00 11.00 13.00 16.00 916.00 13.00 13.00 15.00 3.00 2.00 0.00 18.00 12.00 16.00 907.00 18.00 42.00 27.00 11.00 894.00 16.00 22.00 12.00 2.00 1.00 0.00 19.00 21.00 19.00 885.00 16.00 19.00 19.00 3.00 18.00 11.00 11.00 916.00 16.00 11.00 25.00 23.00 26.00 896.00 13.00 13.00 18.00 10.00 14.00 17.00 908.00 22.00 13.00 29.00 21.00 11.00 905.00 20.00 16.00 14.00 3.00 
16.00 18.00 15.00 903.00 18.00 12.00 15.00 2.00 1.00 0.00 2.00 17.00 19.00 21.00 886.00 19.00 18.00 17.00 0.00 13.00 19.00 19.00 900.00 14.00 18.00 16.00 0.00 1.00 1.00 17.00 20.00 18.00 907.00 9.00 33.00 29.00 20.00 901.00 19.00 13.00 12.00 1.00 1.00 0.00 16.00 11.00 14.00 902.00 16.00 15.00 24.00 2.00 11.00 15.00 15.00 911.00 16.00 17.00 28.00 17.00 24.00 899.00 13.00 19.00 14.00 19.00 19.00 14.00 896.00 15.00 19.00 27.00 13.00 27.00 907.00 16.00 13.00 13.00 3.00 
17.00 12.00 17.00 906.00 17.00 19.00 15.00 7.00 18.00 580.00 8.00 20.00 34.00 10.00 896.00 23.00 23.00 19.00 3.00 18.00 15.00 23.00 892.00 18.00 10.00 17.00 3.00 3.00 0.00 19.00 20.00 16.00 892.00 13.00 23.00 22.00 3.00 320.00 7.00 10.00 8.00 0.00 0.00 1.00 15.00 13.00 14.00 920.00 12.00 7.00 16.00 5.00 17.00 13.00 81.00 829.00 25.00 14.00 40.00 20.00 10.00 898.00 17.00 17.00 16.00 13.00 22.00 21.00 895.00 28.00 30.00 31.00 20.00 887.00 14.00 19.00 18.00 4.00 2.00 
13.00 16.00 15.00 901.00 20.00 15.00 43.00 19.00 24.00 897.00 8.00 31.00 26.00 13.00 898.00 27.00 18.00 16.00 1.00 14.00 22.00 29.00 897.00 9.00 15.00 12.00 0.00 0.00 2.00 20.00 11.00 16.00 903.00 21.00 16.00 8.00 2.00 2.00 0.00 0.00 0.00 0.00 1.00 0.00 17.00 14.00 14.00 915.00 9.00 9.00 20.00 22.00 10.00 13.00 904.00 15.00 23.00 13.00 15.00 23.00 20.00 894.00 15.00 13.00 23.00 15.00 19.00 13.00 897.00 26.00 30.00 35.00 19.00 895.00 18.00 19.00 11.00 1.00 0.00 
22.00 18.00 19.00 888.00 17.00 15.00 39.00 14.00 19.00 906.00 19.00 24.00 26.00 16.00 902.00 23.00 14.00 15.00 4.00 17.00 19.00 19.00 891.00 22.00 6.00 20.00 4.00 0.00 1.00 9.00 12.00 11.00 918.00 17.00 15.00 15.00 1.00 0.00 0.00 0.00 0.00 0.00 1.00 2.00 17.00 18.00 19.00 891.00 16.00 13.00 21.00 19.00 19.00 16.00 896.00 13.00 25.00 15.00 19.00 19.00 13.00 903.00 14.00 16.00 17.00 14.00 20.00 12.00 908.00 17.00 31.00 33.00 10.00 913.00 15.00 14.00 13.00 0.00 1.00 
