#id	AVG	ci	1	2	3	4	5	6	7	8	9	10
1	0.2889999	0.007539423	0.273439	0.291474	0.290686	0.308534	0.286507	0.302817	0.282607	0.291441	0.280053	0.282441
2	0.2711775	0.008396562	0.250582	0.274696	0.2663	0.288066	0.276842	0.283046	0.262713	0.28244	0.261753	0.265337
3	0.2489583	0.008619456	0.227657	0.237748	0.253878	0.258278	0.251	0.261019	0.236988	0.263735	0.24243	0.25685
4	0.2255625	0.008592342	0.209692	0.21851	0.221294	0.239724	0.224049	0.242566	0.206366	0.231798	0.22734	0.234286
5	0.2021808	0.009810399	0.197449	0.210106	0.200916	0.225194	0.195367	0.20059	0.182286	0.207557	0.183843	0.2185
6	0.1759923	0.011679676	0.194094	0.184112	0.169319	0.177513	0.172477	0.198793	0.157791	0.187903	0.145301	0.17262
7	0.1490251	0.006390331	0.14934	0.144446	0.143527	0.16167	0.150779	0.162197	0.157656	0.142374	0.141952	0.13631
8	0.1067643	0.010661765	0.114786	0.114444	0.104505	0.114158	0.10175	0.132153	0.107638	0.10127	0.103403	0.073536
9	0.0599489	0.005912214	0.060969	0.080908	0.051133	0.063296	0.057061	0.058684	0.061173	0.053265	0.054827	0.058173
