#id	AVG	ci	1	2	3	4	5	6	7	8	9	10
1	0.2878041	0.005360699	0.287056	0.277551	0.294239	0.289632	0.295568	0.28799	0.273241	0.286263	0.296481	0.29002
2	0.2690986	0.007452446	0.267372	0.247736	0.271464	0.276668	0.281332	0.262833	0.260622	0.268782	0.282833	0.271344
3	0.2466494	0.01096549	0.252	0.218917	0.248181	0.250431	0.270191	0.230522	0.23352	0.254417	0.245773	0.262542
4	0.2261849	0.00814185	0.230139	0.204638	0.238303	0.231784	0.235534	0.207143	0.224577	0.229177	0.232799	0.227755
5	0.203634	0.010132596	0.205076	0.174647	0.20881	0.192553	0.215543	0.189455	0.203961	0.209478	0.21859	0.218227
6	0.1809759	0.007689064	0.168497	0.165974	0.185515	0.17651	0.197875	0.169304	0.179145	0.189819	0.188727	0.188393
7	0.1564963	0.012652969	0.169881	0.127099	0.174993	0.134997	0.169881	0.157901	0.140255	0.148173	0.175327	0.166456
8	0.1220281	0.010232781	0.131842	0.113097	0.130719	0.132378	0.127724	0.13548	0.099051	0.096005	0.12973	0.124255
9	0.0807379	0.003435264	0.082378	0.078551	0.083031	0.079592	0.082388	0.070684	0.079255	0.078816	0.089582	0.083102
