#scheme channel agents used ch hmax avg Ci_value 1 2 3 4 5 6 7 8 9 10
M2 20 10 20 hmax5 0.5583138 0.002147471 0.562214 0.558667 0.556924 0.557407 0.561933 0.556658 0.559699 0.55246 0.560916 0.55626
M2 20 11 20 hmax5 0.5917016 0.001827143 0.59433 0.592015 0.589371 0.591167 0.595833 0.590499 0.593986 0.587917 0.592793 0.589105
M2 20 12 20 hmax5 0.6222394 0.001555154 0.624433 0.622571 0.620406 0.623031 0.625878 0.621038 0.623811 0.61923 0.62247 0.619526
M2 20 13 20 hmax5 0.6502308 0.001627348 0.651457 0.649983 0.648538 0.649733 0.653914 0.64994 0.653128 0.647057 0.651275 0.647283
M2 20 14 20 hmax5 0.6754711 0.001286837 0.676698 0.674899 0.673429 0.674807 0.678672 0.675658 0.677501 0.673203 0.676047 0.673797
M2 20 15 20 hmax5 0.6987694 0.001203822 0.699349 0.698929 0.696676 0.698578 0.701348 0.698788 0.700546 0.695769 0.699826 0.697885
M2 20 16 20 hmax5 0.7201414 0.000943808 0.720465 0.720688 0.719014 0.719934 0.722486 0.719673 0.721783 0.717897 0.720031 0.719443
M2 20 17 20 hmax5 0.7400566 0.000800223 0.739601 0.7408 0.739451 0.739531 0.742136 0.739958 0.741325 0.738236 0.740228 0.7393
M2 20 18 20 hmax5 0.7581117 0.000562701 0.757877 0.75862 0.757776 0.757779 0.759618 0.758124 0.75903 0.756899 0.757468 0.757926
M2 20 19 20 hmax5 0.7749143 0.000485082 0.774627 0.775004 0.774835 0.774925 0.776371 0.774803 0.775541 0.774045 0.774044 0.774948
M2 20 20 20 hmax5 0.7901384 0.000401448 0.790121 0.789723 0.789848 0.790053 0.791333 0.789928 0.790806 0.789717 0.789488 0.790367
M2 20 21 20 hmax5 0.804132 0.0004493 0.80441 0.803351 0.804031 0.803964 0.805507 0.803964 0.80454 0.803949 0.803308 0.804296
M2 20 22 20 hmax5 0.8173405 0.00030486 0.817378 0.816657 0.817705 0.817261 0.818266 0.817061 0.817474 0.817251 0.817098 0.817254
M2 20 23 20 hmax5 0.8296114 0.000300833 0.829886 0.828785 0.829703 0.829622 0.830304 0.829396 0.829854 0.829857 0.829506 0.829201
M2 20 24 20 hmax5 0.8409728 0.000324957 0.841379 0.840217 0.840844 0.841254 0.841619 0.84051 0.840793 0.841506 0.840901 0.840705
M2 20 25 20 hmax5 0.8513318 0.000327398 0.851917 0.850611 0.85126 0.851577 0.851925 0.851029 0.851204 0.851831 0.850937 0.851027
