# Histogram data from 1020s to 1070s
1020.02226 9
1021.0214048199999 15
1022.02054964 9
1023.01969446 13
1024.01883928 12
1025.0179841 14
1026.01712892 16
1027.0162737399999 13
1028.01541856 9
1029.01456338 23
1030.0137081999999 19
1031.01285302 14
1032.01199784 18
1033.01114266 10
1034.01028748 8
1035.0094323 11
1036.00857712 6
1037.00772194 10
1038.00686676 8
1039.00601158 4
1040.0051564 7
1041.00430122 23
1042.00344604 8
1043.00259086 2
1044.00173568 12
1045.0008805 10
1046.00002532 3
1046.99917014 9
1047.99831496 7
1048.99745978 9
1049.9966046 7
1050.99574942 6
1051.99489424 8
1052.99403906 7
1053.99318388 5
1054.9923287 4
1055.99147352 7
1056.99061834 10
1057.98976316 8
1058.98890798 5
1059.9880528 11
1060.98719762 6
1061.98634244 8
1062.9854872600001 11
1063.98463208 3
1064.9837769 9
1065.98292172 9
1066.98206654 3
1067.98121136 11
1068.98035618 6

# Histogram data from 1480s to 1530s
1480.006147 17
1481.00579194 13
1482.0054368800002 14
1483.00508182 52
1484.00472676 112
1485.0043717 7
1486.0040166400001 7
1487.00366158 7
1488.00330652 12
1489.00295146 10
1490.0025964000001 34
1491.00224134 14
1492.00188628 14
1493.00153122 13
1494.00117616 19
1495.0008211 17
1496.00046604 13
1497.00011098 6
1497.99975592 23
1498.99940086 12
1499.9990458 11
1500.99869074 18
1501.99833568 12
1502.99798062 15
1503.99762556 8
1504.9972705 21
1505.99691544 17
1506.9965603800001 17
1507.99620532 20
1508.99585026 16
1509.9954952 16
1510.99514014 16
1511.99478508 19
1512.99443002 16
1513.99407496 18
1514.9937199 11
1515.99336484 14
1516.99300978 6
1517.99265472 8
1518.99229966 22
1519.9919446 16
1520.99158954 17
1521.99123448 23
1522.99087942 29
1523.9905243599999 29
1524.9901693 15
1525.98981424 19
1526.98945918 20
1527.9891041199999 34
1528.98874906 21

# Histogram data from 1880s to 1930s
1880.004148 23
1881.00369304 23
1882.00323808 26
1883.00278312 30
1884.00232816 59
1885.0018731999999 31
1886.00141824 54
1887.00096328 79
1888.0005083199999 105
1889.00005336 15
1889.9995984 18
1890.99914344 13
1891.99868848 12
1892.99823352 13
1893.99777856 38
1894.9973236 24
1895.99686864 30
1896.99641368 22
1897.9959587199999 32
1898.99550376 36
1899.9950488 29
1900.9945938399999 20
1901.99413888 27
1902.99368392 50
1903.99322896 22
1904.9927739999998 53
1905.99231904 21
1906.99186408 31
1907.9914091199998 28
1908.99095416 23
1909.9904992 22
1910.9900442399999 35
1911.98958928 16
1912.98913432 17
1913.9886793599999 32
1914.9882244 25
1915.98776944 40
1916.98731448 23
1917.9868595199998 29
1918.98640456 37
1919.9859496 30
1920.9854946399998 42
1921.98503968 27
1922.98458472 29
1923.9841297599999 30
1924.9836747999998 43
1925.98321984 28
1926.9827648799999 38
1927.9823099199998 37
1928.98185496 32

# Histogram data from 2420s to 2470s
2420.04274 192
2421.0415101199997 65
2422.04028024 44
2423.0390503599997 42
2424.03782048 30
2425.0365905999997 34
2426.03536072 40
2427.0341308399998 26
2428.03290096 47
2429.03167108 43
2430.0304412 47
2431.02921132 41
2432.02798144 33
2433.02675156 44
2434.0255216799997 37
2435.0242918 31
2436.0230619199997 52
2437.02183204 30
2438.0206021599997 30
2439.01937228 17
2440.0181423999998 25
2441.01691252 48
2442.01568264 25
2443.01445276 35
2444.01322288 21
2445.011993 30
2446.01076312 36
2447.0095332399997 36
2448.00830336 32
2449.0070734799997 30
2450.0058436 39
2451.0046137199997 42
2452.00338384 75
2453.0021539599998 39
2454.00092408 45
2454.9996942 34
2455.99846432 41
2456.99723444 50
2457.9960045599996 49
2458.99477468 28
2459.9935447999997 36
2460.99231492 41
2461.9910850399997 32
2462.98985516 32
2463.9886252799997 18
2464.9873954 39
2465.9861655199998 37
2466.98493564 44
2467.98370576 34
2468.98247588 27

