#id	AVG	ci	1	2	3	4	5	6	7	8	9	10
1	0.1279356	0.004341062	0.117993	0.127812	0.132103	0.132175	0.133595	0.122349	0.13733	0.129317	0.122448	0.124234
2	0.1159531	0.005595383	0.101796	0.117103	0.116764	0.115694	0.120467	0.122151	0.119038	0.12907	0.107444	0.110004
3	0.1037978	0.005511875	0.091214	0.099376	0.10327	0.10378	0.10448	0.118179	0.114345	0.101802	0.103526	0.098006
4	0.0908805	0.005550039	0.071905	0.092677	0.090767	0.08877	0.092753	0.097381	0.097673	0.097861	0.093355	0.085663
5	0.0794747	0.008529309	0.05178	0.069345	0.083392	0.084861	0.076137	0.089241	0.09451	0.08511	0.080451	0.07992
6	0.0643471	0.006382714	0.045189	0.057747	0.067742	0.074643	0.062691	0.069656	0.074487	0.067816	0.065564	0.057936
7	0.0499869	0.004582491	0.042667	0.045724	0.054306	0.062299	0.045197	0.044221	0.056027	0.053486	0.050643	0.045299
8	0.036946	0.005301903	0.047821	0.031566	0.032827	0.037806	0.032679	0.053056	0.032939	0.034531	0.032607	0.033628
9	0.0296765	0.002569242	0.031867	0.026082	0.032969	0.034296	0.028929	0.030265	0.027337	0.032449	0.030102	0.022469
