#scheme channel agents used ch hmax avg Ci_value 1 2 3 4 5 6 7 8 9 10
M4 20 10 20 hmax2 0.102895 0.001573342 0.101856 0.102544 0.107027 0.100779 0.106444 0.101876 0.102648 0.103307 0.102072 0.100397
M4 20 11 20 hmax2 0.1191171 0.00112753 0.119786 0.118579 0.121221 0.117312 0.118819 0.11748 0.118541 0.118336 0.118798 0.122299
M4 20 12 20 hmax2 0.1347871 0.00202856 0.136162 0.13827 0.137171 0.12899 0.134337 0.137814 0.134258 0.131747 0.13437 0.134752
M4 20 13 20 hmax2 0.1486781 0.002040003 0.149529 0.145209 0.147116 0.148461 0.148053 0.14563 0.147124 0.154318 0.152417 0.148924
M4 20 14 20 hmax2 0.1610543 0.001694195 0.165254 0.164693 0.158859 0.1594 0.160916 0.161681 0.157977 0.160055 0.160117 0.161591
M4 20 15 20 hmax2 0.1737991 0.001584155 0.178035 0.17402 0.172033 0.176541 0.172444 0.173104 0.172933 0.175576 0.171473 0.171832
M4 20 16 20 hmax2 0.1870038 0.001490006 0.18582 0.185768 0.184427 0.183622 0.189635 0.189191 0.186693 0.187861 0.189204 0.187817
M4 20 17 20 hmax2 0.197882 0.001233691 0.198986 0.20066 0.195483 0.2002 0.197129 0.196157 0.19731 0.197111 0.19895 0.196834
M4 20 18 20 hmax2 0.2083489 0.001059317 0.209104 0.206921 0.208785 0.206191 0.210773 0.208831 0.20976 0.206358 0.208056 0.20871
M4 20 19 20 hmax2 0.2168972 0.000917577 0.218319 0.215568 0.21715 0.214786 0.217773 0.217954 0.216528 0.216312 0.215908 0.218674
M4 20 20 20 hmax2 0.2250164 0.000460593 0.224551 0.225089 0.224762 0.22401 0.225039 0.22523 0.226347 0.22446 0.22556 0.225116
M4 20 21 20 hmax2 0.3293298 0.001484565 0.327885 0.333305 0.328142 0.327643 0.330442 0.330187 0.331205 0.326934 0.327232 0.330323
M4 20 22 20 hmax2 0.4110676 0.001945568 0.416588 0.411 0.40678 0.408891 0.411769 0.411905 0.411457 0.41249 0.411751 0.408045
M4 20 23 20 hmax2 0.478245 0.001391927 0.478201 0.477192 0.480295 0.474552 0.478748 0.480673 0.477909 0.475955 0.478891 0.480034
M4 20 24 20 hmax2 0.5360738 0.001691669 0.535423 0.537372 0.535411 0.535758 0.534022 0.534742 0.53477 0.54174 0.53379 0.53771
M4 20 25 20 hmax2 0.5881516 0.00234093 0.587203 0.588126 0.585419 0.589536 0.589991 0.587532 0.595042 0.582448 0.589185 0.587034
