204.00 122.00 131.00 120.00 130.00 123.00 129.00 122.00 130.00 123.00 127.00 122.00 128.00 123.00 128.00 126.00 127.00 123.00 130.00 124.00 129.00 124.00 130.00 124.00 127.00 123.00 127.00 123.00 128.00 122.00 130.00 124.00 129.00 123.00 128.00 124.00 128.00 123.00 128.00 124.00 128.00 124.00 125.00 125.00 125.00 125.00 124.00 126.00 124.00 127.00 123.00 126.00 127.00 125.00 126.00 126.00 124.00 125.00 127.00 128.00 125.00 126.00 127.00 128.00 126.00 127.00 125.00 127.00 125.00 126.00 124.00 126.00 123.00 126.00 120.00 127.00 122.00 127.00 123.00 
965.00 89.00 104.00 84.00 722.00 80.00 82.00 65.00 66.00 66.00 64.00 64.00 65.00 65.00 67.00 128.00 67.00 66.00 63.00 66.00 63.00 64.00 63.00 67.00 68.00 68.00 79.00 83.00 477.00 93.00 82.00 615.00 78.00 103.00 81.00 792.00 92.00 112.00 83.00 677.00 85.00 88.00 70.00 65.00 67.00 63.00 67.00 63.00 69.00 63.00 68.00 66.00 65.00 64.00 65.00 65.00 68.00 83.00 73.00 478.00 76.00 76.00 65.00 64.00 67.00 63.00 67.00 65.00 66.00 65.00 69.00 68.00 69.00 66.00 70.00 68.00 67.00 89.00 87.00 
582.00 15.00 45.00 28.00 907.00 25.00 26.00 2.00 4.00 6.00 4.00 4.00 6.00 25.00 27.00 914.00 31.00 358.00 29.00 536.00 26.00 17.00 4.00 4.00 4.00 5.00 23.00 30.00 906.00 44.00 57.00 906.00 30.00 51.00 19.00 918.00 34.00 63.00 30.00 1185.00 48.00 67.00 752.00 21.00 25.00 5.00 3.00 5.00 3.00 5.00 3.00 4.00 3.00 4.00 3.00 6.00 3.00 25.00 29.00 913.00 25.00 22.00 5.00 4.00 3.00 4.00 3.00 4.00 4.00 4.00 2.00 4.00 3.00 4.00 3.00 5.00 3.00 23.00 18.00 
0.00 0.00 0.00 0.00 0.00 0.00 0.00 23.00 22.00 913.00 22.00 19.00 0.00 14.00 19.00 613.00 48.00 930.00 48.00 926.00 25.00 25.00 2.00 0.00 0.00 3.00 30.00 32.00 880.00 28.00 31.00 113.00 3.00 36.00 45.00 932.00 790.00 52.00 36.00 315.00 33.00 28.00 900.00 28.00 15.00 1.00 1.00 8.00 8.00 320.00 6.00 11.00 0.00 0.00 0.00 2.00 22.00 35.00 613.00 923.00 46.00 22.00 2.00 1.00 0.00 0.00 0.00 0.00 0.00 0.00 0.00 0.00 0.00 0.00 0.00 0.00 0.00 0.00 0.00 
0.00 0.00 0.00 0.00 0.00 1.00 0.00 21.00 24.00 911.00 16.00 26.00 1.00 0.00 0.00 7.00 11.00 327.00 11.00 169.00 22.00 769.00 24.00 22.00 0.00 1.00 27.00 26.00 903.00 29.00 48.00 156.00 573.00 46.00 67.00 906.00 780.00 48.00 27.00 5.00 30.00 21.00 893.00 28.00 20.00 3.00 4.00 26.00 16.00 907.00 25.00 21.00 2.00 0.00 1.00 1.00 26.00 40.00 916.00 924.00 46.00 44.00 1.00 1.00 0.00 0.00 0.00 0.00 0.00 0.00 0.00 0.00 0.00 0.00 0.00 0.00 0.00 0.00 0.00 
0.00 0.00 0.00 0.00 0.00 0.00 0.00 15.00 25.00 908.00 24.00 26.00 2.00 0.00 0.00 0.00 0.00 1.00 0.00 21.00 17.00 914.00 22.00 24.00 1.00 1.00 22.00 13.00 919.00 38.00 65.00 932.00 930.00 87.00 53.00 907.00 18.00 34.00 28.00 862.00 50.00 37.00 893.00 28.00 27.00 3.00 2.00 24.00 29.00 889.00 32.00 22.00 1.00 0.00 0.00 0.00 1.00 4.00 46.00 27.00 26.00 893.00 28.00 27.00 1.00 1.00 0.00 0.00 0.00 0.00 0.00 0.00 0.00 0.00 0.00 0.00 0.00 0.00 0.00 
0.00 0.00 0.00 0.00 0.00 0.00 1.00 21.00 23.00 894.00 27.00 31.00 3.00 0.00 0.00 0.00 0.00 0.00 1.00 13.00 19.00 923.00 18.00 24.00 2.00 0.00 24.00 17.00 904.00 46.00 49.00 908.00 103.00 48.00 24.00 926.00 19.00 40.00 32.00 906.00 36.00 34.00 926.00 24.00 16.00 0.00 1.00 21.00 36.00 891.00 28.00 19.00 3.00 1.00 2.00 2.00 20.00 26.00 828.00 55.00 30.00 898.00 25.00 27.00 4.00 1.00 0.00 0.00 0.00 0.00 0.00 0.00 0.00 0.00 0.00 0.00 0.00 0.00 0.00 
0.00 0.00 0.00 0.00 0.00 1.00 2.00 36.00 19.00 899.00 22.00 18.00 2.00 1.00 0.00 0.00 0.00 1.00 1.00 28.00 24.00 907.00 23.00 15.00 0.00 3.00 21.00 16.00 905.00 47.00 53.00 916.00 22.00 48.00 27.00 899.00 27.00 38.00 30.00 896.00 54.00 48.00 900.00 26.00 25.00 1.00 2.00 25.00 17.00 901.00 31.00 22.00 1.00 0.00 0.00 0.00 26.00 34.00 900.00 41.00 41.00 914.00 18.00 24.00 1.00 1.00 0.00 0.00 0.00 0.00 0.00 0.00 0.00 0.00 0.00 0.00 0.00 0.00 0.00 
0.00 0.00 0.00 0.00 0.00 0.00 0.00 24.00 25.00 904.00 29.00 14.00 3.00 1.00 0.00 0.00 1.00 2.00 2.00 23.00 28.00 903.00 23.00 18.00 20.00 8.00 532.00 33.00 388.00 34.00 39.00 897.00 28.00 44.00 20.00 903.00 23.00 58.00 26.00 901.00 46.00 45.00 902.00 21.00 29.00 2.00 2.00 20.00 23.00 906.00 18.00 28.00 2.00 2.00 1.00 1.00 24.00 21.00 918.00 34.00 49.00 916.00 16.00 19.00 1.00 0.00 0.00 0.00 0.00 0.00 0.00 0.00 0.00 0.00 0.00 0.00 0.00 0.00 0.00 
0.00 0.00 0.00 0.00 0.00 2.00 1.00 18.00 23.00 906.00 22.00 21.00 5.00 2.00 0.00 14.00 7.00 430.00 16.00 33.00 18.00 918.00 14.00 27.00 26.00 32.00 899.00 22.00 21.00 20.00 21.00 902.00 30.00 53.00 23.00 907.00 22.00 39.00 26.00 914.00 46.00 51.00 900.00 30.00 16.00 0.00 1.00 26.00 23.00 909.00 21.00 19.00 3.00 0.00 1.00 1.00 13.00 10.00 474.00 37.00 36.00 902.00 23.00 23.00 1.00 0.00 0.00 0.00 0.00 0.00 0.00 0.00 0.00 0.00 0.00 0.00 0.00 0.00 0.00 
0.00 0.00 0.00 0.00 0.00 0.00 1.00 29.00 26.00 890.00 24.00 28.00 2.00 1.00 2.00 27.00 17.00 902.00 22.00 59.00 22.00 894.00 24.00 29.00 19.00 27.00 918.00 16.00 23.00 26.00 26.00 906.00 18.00 41.00 25.00 906.00 30.00 24.00 5.00 200.00 26.00 28.00 901.00 24.00 23.00 1.00 3.00 20.00 28.00 901.00 20.00 25.00 2.00 2.00 0.00 1.00 17.00 21.00 702.00 49.00 44.00 908.00 23.00 21.00 0.00 1.00 0.00 0.00 0.00 0.00 0.00 0.00 0.00 0.00 0.00 0.00 0.00 0.00 0.00 
0.00 0.00 0.00 0.00 0.00 3.00 2.00 25.00 27.00 901.00 22.00 20.00 0.00 2.00 2.00 24.00 15.00 895.00 33.00 54.00 26.00 906.00 15.00 30.00 17.00 24.00 912.00 22.00 21.00 24.00 30.00 899.00 33.00 39.00 32.00 895.00 22.00 26.00 0.00 64.00 28.00 19.00 907.00 31.00 19.00 0.00 1.00 18.00 37.00 895.00 26.00 19.00 2.00 0.00 2.00 2.00 23.00 19.00 839.00 64.00 48.00 888.00 25.00 24.00 1.00 1.00 0.00 0.00 0.00 0.00 0.00 0.00 0.00 0.00 0.00 0.00 0.00 0.00 0.00 
0.00 0.00 0.00 0.00 0.00 1.00 2.00 20.00 24.00 907.00 24.00 20.00 1.00 3.00 4.00 31.00 25.00 887.00 26.00 55.00 27.00 900.00 22.00 21.00 18.00 18.00 913.00 24.00 28.00 28.00 20.00 893.00 37.00 45.00 32.00 898.00 30.00 37.00 23.00 918.00 39.00 47.00 879.00 34.00 34.00 4.00 1.00 22.00 24.00 902.00 21.00 23.00 3.00 2.00 1.00 2.00 0.00 1.00 0.00 20.00 22.00 909.00 24.00 20.00 4.00 0.00 0.00 0.00 0.00 0.00 0.00 0.00 0.00 0.00 0.00 0.00 0.00 0.00 0.00 
0.00 0.00 0.00 0.00 0.00 1.00 0.00 19.00 24.00 908.00 29.00 19.00 0.00 2.00 2.00 22.00 15.00 910.00 24.00 41.00 22.00 903.00 28.00 31.00 23.00 27.00 901.00 22.00 26.00 22.00 24.00 899.00 26.00 61.00 21.00 901.00 26.00 38.00 22.00 904.00 56.00 49.00 897.00 28.00 22.00 2.00 3.00 25.00 23.00 898.00 27.00 26.00 0.00 1.00 0.00 0.00 1.00 1.00 2.00 25.00 27.00 894.00 27.00 23.00 0.00 0.00 0.00 0.00 0.00 0.00 0.00 0.00 0.00 0.00 0.00 0.00 0.00 0.00 0.00 
283.00 9.00 10.00 0.00 2.00 0.00 0.00 25.00 27.00 894.00 30.00 20.00 2.00 3.00 0.00 15.00 22.00 605.00 37.00 38.00 497.00 441.00 21.00 7.00 27.00 12.00 905.00 34.00 22.00 28.00 29.00 892.00 25.00 51.00 29.00 894.00 26.00 44.00 25.00 911.00 44.00 47.00 894.00 29.00 29.00 4.00 2.00 25.00 21.00 893.00 30.00 24.00 1.00 2.00 0.00 0.00 0.00 0.00 0.00 13.00 20.00 907.00 31.00 27.00 0.00 2.00 0.00 0.00 0.00 0.00 0.00 0.00 0.00 0.00 0.00 0.00 0.00 6.00 7.00 
894.00 24.00 31.00 2.00 0.00 0.00 0.00 31.00 21.00 912.00 15.00 20.00 1.00 0.00 0.00 0.00 1.00 0.00 21.00 28.00 894.00 31.00 22.00 4.00 24.00 27.00 906.00 16.00 26.00 20.00 25.00 906.00 36.00 53.00 696.00 229.00 26.00 15.00 14.00 341.00 34.00 31.00 901.00 22.00 22.00 2.00 1.00 25.00 27.00 907.00 18.00 22.00 1.00 0.00 0.00 1.00 15.00 15.00 561.00 30.00 39.00 917.00 20.00 24.00 3.00 1.00 0.00 0.00 0.00 0.00 0.00 0.00 0.00 0.00 0.00 1.00 0.00 21.00 27.00 
907.00 23.00 19.00 0.00 1.00 1.00 2.00 28.00 18.00 890.00 35.00 23.00 2.00 0.00 1.00 1.00 0.00 5.00 20.00 31.00 897.00 25.00 21.00 0.00 13.00 31.00 896.00 29.00 32.00 33.00 16.00 916.00 41.00 43.00 904.00 23.00 21.00 2.00 1.00 2.00 25.00 16.00 909.00 15.00 30.00 1.00 1.00 27.00 18.00 907.00 32.00 15.00 1.00 0.00 0.00 2.00 20.00 20.00 900.00 43.00 55.00 902.00 22.00 35.00 1.00 0.00 0.00 0.00 0.00 0.00 0.00 0.00 0.00 0.00 0.00 2.00 1.00 21.00 26.00 
922.00 22.00 16.00 0.00 1.00 0.00 1.00 17.00 28.00 919.00 16.00 18.00 1.00 0.00 0.00 0.00 0.00 2.00 18.00 20.00 913.00 19.00 26.00 0.00 28.00 17.00 890.00 34.00 33.00 17.00 30.00 900.00 44.00 64.00 903.00 23.00 19.00 0.00 1.00 0.00 22.00 23.00 903.00 25.00 23.00 3.00 1.00 16.00 22.00 908.00 28.00 23.00 2.00 0.00 2.00 1.00 19.00 24.00 895.00 32.00 28.00 40.00 26.00 876.00 28.00 26.00 2.00 1.00 0.00 0.00 0.00 0.00 0.00 0.00 0.00 0.00 0.00 24.00 15.00 
901.00 23.00 20.00 3.00 0.00 0.00 0.00 20.00 28.00 911.00 20.00 21.00 0.00 0.00 0.00 0.00 2.00 2.00 18.00 27.00 905.00 21.00 23.00 4.00 20.00 24.00 907.00 22.00 24.00 34.00 20.00 896.00 45.00 30.00 610.00 23.00 321.00 11.00 12.00 3.00 28.00 25.00 888.00 29.00 25.00 1.00 2.00 32.00 21.00 910.00 17.00 18.00 0.00 0.00 1.00 1.00 28.00 27.00 908.00 23.00 14.00 30.00 22.00 882.00 38.00 22.00 3.00 1.00 0.00 0.00 0.00 0.00 0.00 0.00 0.00 2.00 0.00 26.00 25.00 
904.00 16.00 25.00 0.00 1.00 0.00 3.00 25.00 25.00 909.00 22.00 15.00 1.00 0.00 0.00 0.00 1.00 1.00 27.00 26.00 884.00 36.00 25.00 3.00 23.00 28.00 888.00 31.00 26.00 25.00 22.00 904.00 33.00 16.00 16.00 23.00 911.00 24.00 27.00 3.00 21.00 26.00 892.00 25.00 31.00 2.00 1.00 21.00 22.00 895.00 28.00 32.00 0.00 1.00 0.00 0.00 21.00 39.00 898.00 25.00 21.00 24.00 27.00 893.00 16.00 32.00 3.00 1.00 0.00 0.00 0.00 0.00 0.00 0.00 0.00 0.00 1.00 26.00 27.00 
907.00 23.00 22.00 1.00 0.00 0.00 1.00 28.00 23.00 888.00 26.00 27.00 6.00 1.00 0.00 0.00 1.00 1.00 27.00 27.00 898.00 25.00 21.00 1.00 19.00 21.00 904.00 21.00 31.00 26.00 21.00 915.00 18.00 21.00 25.00 26.00 911.00 18.00 22.00 2.00 23.00 29.00 895.00 31.00 20.00 1.00 0.00 28.00 24.00 910.00 16.00 20.00 1.00 0.00 0.00 2.00 26.00 27.00 902.00 27.00 17.00 23.00 25.00 909.00 17.00 25.00 0.00 0.00 0.00 0.00 0.00 0.00 0.00 0.00 0.00 1.00 2.00 17.00 27.00 
900.00 23.00 16.00 0.00 1.00 0.00 1.00 18.00 28.00 907.00 14.00 29.00 1.00 2.00 0.00 0.00 0.00 0.00 27.00 20.00 912.00 19.00 21.00 0.00 23.00 27.00 909.00 19.00 23.00 21.00 21.00 906.00 27.00 22.00 24.00 13.00 915.00 22.00 29.00 1.00 23.00 30.00 891.00 25.00 23.00 1.00 8.00 18.00 25.00 904.00 16.00 30.00 0.00 5.00 0.00 1.00 20.00 26.00 902.00 25.00 28.00 27.00 33.00 891.00 34.00 13.00 0.00 0.00 0.00 0.00 0.00 0.00 0.00 0.00 0.00 0.00 2.00 24.00 34.00 
910.00 23.00 17.00 0.00 1.00 2.00 0.00 29.00 16.00 906.00 19.00 25.00 1.00 1.00 0.00 0.00 0.00 0.00 25.00 21.00 914.00 15.00 25.00 2.00 24.00 24.00 902.00 22.00 26.00 20.00 24.00 920.00 22.00 15.00 24.00 31.00 898.00 23.00 22.00 2.00 16.00 21.00 926.00 20.00 16.00 0.00 1.00 20.00 20.00 910.00 25.00 24.00 0.00 0.00 2.00 0.00 25.00 24.00 908.00 22.00 20.00 19.00 23.00 910.00 20.00 23.00 2.00 2.00 0.00 0.00 0.00 0.00 0.00 0.00 0.00 1.00 1.00 27.00 21.00 
909.00 17.00 27.00 0.00 0.00 1.00 0.00 18.00 28.00 903.00 22.00 24.00 1.00 3.00 0.00 0.00 1.00 2.00 20.00 13.00 920.00 19.00 21.00 3.00 21.00 18.00 914.00 27.00 20.00 25.00 21.00 903.00 27.00 26.00 28.00 21.00 897.00 26.00 23.00 3.00 24.00 20.00 911.00 24.00 21.00 0.00 3.00 30.00 25.00 900.00 22.00 19.00 1.00 1.00 0.00 4.00 27.00 24.00 903.00 22.00 18.00 26.00 27.00 901.00 23.00 21.00 2.00 1.00 1.00 0.00 0.00 0.00 0.00 0.00 0.00 0.00 1.00 35.00 11.00 
906.00 21.00 22.00 2.00 1.00 1.00 0.00 15.00 24.00 910.00 24.00 24.00 2.00 0.00 0.00 0.00 2.00 2.00 26.00 22.00 906.00 26.00 16.00 4.00 29.00 21.00 904.00 21.00 20.00 19.00 18.00 915.00 32.00 16.00 24.00 27.00 901.00 27.00 19.00 2.00 25.00 24.00 883.00 34.00 32.00 3.00 1.00 25.00 21.00 909.00 24.00 18.00 1.00 2.00 0.00 1.00 27.00 19.00 905.00 18.00 28.00 23.00 22.00 917.00 14.00 23.00 0.00 1.00 0.00 1.00 0.00 0.00 0.00 0.00 0.00 2.00 1.00 23.00 22.00 
888.00 24.00 33.00 2.00 1.00 0.00 4.00 29.00 30.00 897.00 22.00 17.00 1.00 0.00 0.00 0.00 0.00 3.00 17.00 25.00 915.00 22.00 17.00 2.00 31.00 20.00 903.00 29.00 17.00 29.00 24.00 898.00 24.00 25.00 29.00 21.00 909.00 21.00 19.00 2.00 14.00 21.00 916.00 22.00 24.00 2.00 2.00 30.00 27.00 889.00 29.00 21.00 1.00 0.00 0.00 0.00 18.00 24.00 916.00 17.00 26.00 26.00 22.00 907.00 23.00 18.00 3.00 0.00 0.00 0.00 0.00 0.00 0.00 0.00 1.00 0.00 3.00 22.00 26.00 
916.00 22.00 19.00 0.00 0.00 2.00 1.00 21.00 25.00 904.00 27.00 18.00 2.00 0.00 0.00 0.00 2.00 0.00 30.00 15.00 890.00 33.00 27.00 3.00 20.00 22.00 915.00 18.00 24.00 20.00 24.00 911.00 29.00 17.00 26.00 19.00 908.00 23.00 22.00 2.00 22.00 27.00 900.00 25.00 22.00 3.00 2.00 20.00 32.00 904.00 22.00 18.00 1.00 1.00 0.00 2.00 17.00 21.00 913.00 25.00 24.00 17.00 26.00 891.00 31.00 31.00 2.00 1.00 0.00 0.00 0.00 0.00 0.00 0.00 0.00 0.00 0.00 20.00 23.00 
912.00 19.00 28.00 1.00 2.00 0.00 0.00 24.00 23.00 902.00 24.00 24.00 2.00 1.00 0.00 0.00 0.00 1.00 22.00 24.00 897.00 27.00 29.00 1.00 20.00 21.00 910.00 22.00 26.00 23.00 17.00 923.00 16.00 22.00 19.00 23.00 914.00 23.00 19.00 0.00 20.00 26.00 910.00 27.00 15.00 2.00 1.00 22.00 23.00 894.00 28.00 29.00 3.00 1.00 0.00 1.00 24.00 16.00 911.00 29.00 19.00 22.00 24.00 908.00 22.00 24.00 0.00 0.00 0.00 0.00 0.00 0.00 0.00 0.00 0.00 0.00 1.00 20.00 17.00 
888.00 28.00 29.00 2.00 1.00 1.00 1.00 18.00 18.00 904.00 25.00 30.00 1.00 2.00 0.00 0.00 1.00 0.00 26.00 25.00 899.00 22.00 26.00 1.00 16.00 27.00 910.00 24.00 24.00 27.00 29.00 904.00 22.00 17.00 12.00 25.00 916.00 20.00 26.00 2.00 23.00 18.00 891.00 24.00 40.00 2.00 5.00 30.00 24.00 882.00 29.00 27.00 2.00 2.00 1.00 0.00 17.00 21.00 916.00 20.00 23.00 26.00 21.00 898.00 24.00 30.00 3.00 0.00 0.00 0.00 0.00 0.00 0.00 0.00 0.00 1.00 0.00 33.00 18.00 
894.00 22.00 28.00 2.00 1.00 0.00 4.00 24.00 25.00 896.00 26.00 25.00 0.00 0.00 0.00 0.00 0.00 2.00 24.00 25.00 903.00 21.00 24.00 1.00 14.00 26.00 923.00 21.00 17.00 27.00 21.00 908.00 24.00 18.00 13.00 25.00 912.00 26.00 26.00 2.00 22.00 20.00 912.00 18.00 25.00 1.00 1.00 30.00 29.00 896.00 16.00 25.00 1.00 1.00 1.00 1.00 20.00 27.00 904.00 26.00 24.00 26.00 26.00 888.00 32.00 20.00 1.00 3.00 1.00 0.00 0.00 0.00 0.00 0.00 0.00 0.00 1.00 29.00 23.00 
898.00 22.00 22.00 0.00 2.00 2.00 2.00 26.00 24.00 901.00 18.00 24.00 2.00 2.00 0.00 0.00 0.00 3.00 18.00 28.00 900.00 26.00 20.00 6.00 18.00 26.00 899.00 22.00 35.00 27.00 24.00 900.00 27.00 20.00 28.00 26.00 903.00 21.00 20.00 3.00 19.00 31.00 900.00 26.00 21.00 3.00 1.00 21.00 20.00 902.00 27.00 29.00 0.00 0.00 0.00 1.00 23.00 16.00 905.00 36.00 18.00 21.00 25.00 904.00 29.00 20.00 1.00 1.00 0.00 0.00 0.00 0.00 0.00 0.00 0.00 1.00 1.00 23.00 30.00 
896.00 25.00 25.00 0.00 1.00 1.00 0.00 20.00 22.00 905.00 24.00 27.00 0.00 1.00 0.00 0.00 1.00 1.00 27.00 16.00 897.00 23.00 29.00 4.00 23.00 24.00 895.00 31.00 30.00 32.00 28.00 897.00 22.00 21.00 28.00 25.00 899.00 25.00 20.00 0.00 18.00 20.00 919.00 25.00 19.00 1.00 1.00 22.00 26.00 898.00 28.00 21.00 2.00 1.00 0.00 3.00 26.00 18.00 903.00 25.00 25.00 30.00 23.00 895.00 20.00 32.00 1.00 0.00 0.00 0.00 0.00 0.00 0.00 0.00 0.00 0.00 1.00 21.00 31.00 
900.00 25.00 36.00 4.00 1.00 1.00 0.00 14.00 36.00 901.00 26.00 20.00 2.00 0.00 0.00 0.00 0.00 3.00 27.00 21.00 908.00 26.00 16.00 2.00 30.00 28.00 896.00 17.00 25.00 23.00 17.00 909.00 25.00 27.00 24.00 16.00 911.00 27.00 20.00 2.00 28.00 22.00 895.00 23.00 29.00 1.00 3.00 28.00 25.00 891.00 23.00 30.00 2.00 0.00 1.00 0.00 25.00 28.00 896.00 26.00 22.00 29.00 19.00 912.00 19.00 21.00 2.00 0.00 0.00 0.00 0.00 0.00 0.00 0.00 0.00 0.00 0.00 16.00 18.00 
905.00 16.00 30.00 1.00 1.00 1.00 2.00 24.00 20.00 898.00 21.00 27.00 4.00 3.00 0.00 0.00 4.00 2.00 27.00 28.00 880.00 31.00 26.00 2.00 19.00 23.00 903.00 28.00 27.00 20.00 25.00 902.00 26.00 26.00 21.00 17.00 912.00 24.00 27.00 6.00 24.00 25.00 903.00 17.00 22.00 5.00 1.00 33.00 21.00 887.00 26.00 28.00 2.00 0.00 0.00 1.00 20.00 24.00 905.00 20.00 26.00 29.00 33.00 880.00 25.00 34.00 1.00 2.00 0.00 0.00 0.00 0.00 0.00 0.00 0.00 1.00 0.00 20.00 26.00 
899.00 21.00 24.00 3.00 0.00 0.00 1.00 21.00 28.00 899.00 27.00 24.00 0.00 0.00 0.00 0.00 1.00 1.00 22.00 18.00 905.00 28.00 22.00 3.00 21.00 29.00 900.00 21.00 29.00 31.00 30.00 881.00 25.00 30.00 25.00 14.00 919.00 25.00 21.00 1.00 21.00 21.00 894.00 29.00 31.00 1.00 2.00 12.00 17.00 544.00 16.00 17.00 2.00 0.00 1.00 1.00 26.00 31.00 890.00 27.00 24.00 14.00 23.00 914.00 39.00 385.00 8.00 7.00 1.00 0.00 0.00 0.00 0.00 0.00 0.00 2.00 2.00 25.00 24.00 
909.00 18.00 25.00 2.00 1.00 2.00 2.00 16.00 22.00 903.00 28.00 23.00 3.00 2.00 0.00 0.00 0.00 1.00 20.00 32.00 893.00 35.00 19.00 1.00 21.00 34.00 891.00 29.00 25.00 18.00 25.00 903.00 27.00 25.00 29.00 20.00 897.00 25.00 27.00 1.00 27.00 31.00 894.00 24.00 23.00 1.00 2.00 0.00 0.00 0.00 0.00 0.00 0.00 0.00 1.00 2.00 35.00 15.00 904.00 14.00 28.00 25.00 86.00 875.00 44.00 925.00 25.00 20.00 0.00 1.00 0.00 0.00 0.00 0.00 0.00 0.00 0.00 22.00 22.00 
916.00 18.00 14.00 0.00 0.00 0.00 2.00 22.00 26.00 909.00 18.00 21.00 1.00 1.00 0.00 0.00 0.00 1.00 24.00 21.00 909.00 22.00 21.00 4.00 22.00 16.00 918.00 21.00 23.00 27.00 24.00 907.00 18.00 21.00 29.00 29.00 892.00 26.00 22.00 3.00 19.00 25.00 922.00 15.00 19.00 0.00 0.00 0.00 0.00 0.00 0.00 0.00 0.00 0.00 2.00 0.00 23.00 22.00 912.00 21.00 47.00 18.00 918.00 22.00 21.00 309.00 21.00 627.00 17.00 19.00 0.00 1.00 0.00 0.00 0.00 1.00 0.00 26.00 25.00 
902.00 27.00 21.00 2.00 1.00 2.00 0.00 24.00 17.00 899.00 23.00 30.00 1.00 4.00 0.00 0.00 1.00 1.00 22.00 28.00 910.00 21.00 17.00 1.00 34.00 26.00 889.00 28.00 22.00 27.00 23.00 907.00 26.00 19.00 29.00 25.00 899.00 23.00 19.00 3.00 23.00 22.00 913.00 27.00 15.00 0.00 0.00 0.00 0.00 0.00 0.00 0.00 0.00 0.00 4.00 5.00 259.00 25.00 667.00 24.00 50.00 19.00 893.00 27.00 24.00 20.00 18.00 906.00 35.00 23.00 0.00 1.00 0.00 0.00 0.00 1.00 2.00 19.00 25.00 
905.00 23.00 14.00 1.00 0.00 0.00 1.00 24.00 32.00 891.00 23.00 26.00 1.00 2.00 0.00 0.00 0.00 0.00 27.00 23.00 902.00 15.00 33.00 3.00 23.00 17.00 910.00 19.00 27.00 16.00 25.00 919.00 26.00 16.00 34.00 28.00 887.00 24.00 23.00 3.00 22.00 28.00 894.00 24.00 30.00 2.00 0.00 0.00 0.00 0.00 0.00 0.00 0.00 1.00 27.00 19.00 903.00 25.00 25.00 0.00 26.00 22.00 912.00 17.00 22.00 18.00 17.00 916.00 27.00 21.00 2.00 0.00 0.00 0.00 0.00 1.00 3.00 31.00 22.00 
913.00 26.00 17.00 2.00 2.00 2.00 0.00 27.00 22.00 904.00 28.00 15.00 2.00 0.00 0.00 0.00 0.00 2.00 23.00 24.00 907.00 23.00 19.00 4.00 37.00 22.00 888.00 29.00 22.00 6.00 23.00 240.00 697.00 22.00 35.00 28.00 901.00 26.00 21.00 2.00 22.00 20.00 893.00 27.00 34.00 2.00 1.00 0.00 0.00 0.00 0.00 0.00 1.00 0.00 18.00 21.00 906.00 27.00 26.00 5.00 36.00 18.00 908.00 19.00 21.00 20.00 32.00 886.00 24.00 30.00 1.00 1.00 0.00 0.00 0.00 0.00 0.00 17.00 23.00 
895.00 26.00 26.00 5.00 1.00 1.00 0.00 23.00 21.00 908.00 21.00 21.00 4.00 1.00 0.00 0.00 1.00 0.00 24.00 35.00 899.00 19.00 20.00 1.00 26.00 26.00 890.00 23.00 34.00 3.00 17.00 34.00 859.00 63.00 45.00 27.00 909.00 23.00 21.00 2.00 30.00 21.00 904.00 17.00 25.00 1.00 1.00 0.00 0.00 0.00 0.00 0.00 0.00 3.00 23.00 29.00 902.00 19.00 23.00 1.00 28.00 25.00 906.00 30.00 12.00 34.00 17.00 887.00 27.00 32.00 2.00 0.00 0.00 0.00 0.00 0.00 3.00 17.00 27.00 
910.00 19.00 20.00 1.00 0.00 2.00 0.00 25.00 20.00 902.00 24.00 26.00 1.00 0.00 0.00 0.00 1.00 1.00 18.00 26.00 913.00 15.00 24.00 1.00 37.00 29.00 887.00 20.00 24.00 3.00 2.00 32.00 25.00 889.00 43.00 48.00 898.00 38.00 23.00 1.00 29.00 27.00 902.00 21.00 21.00 2.00 0.00 0.00 0.00 0.00 0.00 0.00 0.00 2.00 22.00 20.00 897.00 26.00 31.00 4.00 33.00 26.00 901.00 23.00 16.00 20.00 21.00 904.00 25.00 24.00 3.00 2.00 0.00 0.00 0.00 0.00 1.00 26.00 23.00 
895.00 27.00 18.00 2.00 2.00 1.00 3.00 31.00 25.00 891.00 28.00 18.00 3.00 0.00 0.00 0.00 1.00 2.00 25.00 27.00 907.00 17.00 22.00 5.00 25.00 26.00 905.00 25.00 11.00 1.00 1.00 24.00 23.00 906.00 41.00 34.00 700.00 247.00 21.00 4.00 18.00 26.00 906.00 26.00 22.00 0.00 2.00 0.00 0.00 0.00 0.00 0.00 1.00 1.00 24.00 25.00 901.00 26.00 22.00 0.00 17.00 25.00 912.00 20.00 25.00 26.00 21.00 892.00 30.00 28.00 2.00 2.00 0.00 0.00 0.00 0.00 1.00 26.00 29.00 
900.00 26.00 26.00 1.00 0.00 0.00 0.00 26.00 24.00 906.00 21.00 23.00 0.00 0.00 0.00 0.00 0.00 1.00 26.00 29.00 895.00 25.00 23.00 8.00 31.00 26.00 898.00 16.00 21.00 1.00 2.00 19.00 28.00 913.00 17.00 45.00 25.00 894.00 31.00 24.00 22.00 29.00 896.00 26.00 26.00 2.00 1.00 0.00 0.00 0.00 0.00 0.00 0.00 1.00 24.00 29.00 902.00 21.00 22.00 3.00 18.00 25.00 904.00 22.00 26.00 27.00 24.00 898.00 24.00 27.00 2.00 1.00 0.00 0.00 0.00 1.00 1.00 20.00 25.00 
928.00 16.00 22.00 2.00 1.00 0.00 2.00 25.00 35.00 891.00 27.00 17.00 2.00 1.00 0.00 0.00 0.00 2.00 27.00 24.00 897.00 32.00 18.00 0.00 19.00 20.00 916.00 19.00 24.00 2.00 3.00 20.00 25.00 902.00 30.00 43.00 28.00 900.00 24.00 24.00 23.00 27.00 906.00 20.00 25.00 0.00 0.00 0.00 0.00 0.00 0.00 0.00 4.00 3.00 35.00 21.00 901.00 22.00 14.00 1.00 19.00 27.00 905.00 19.00 31.00 27.00 16.00 919.00 14.00 21.00 0.00 1.00 0.00 0.00 0.00 0.00 1.00 18.00 12.00 
891.00 22.00 27.00 1.00 1.00 1.00 2.00 18.00 34.00 903.00 25.00 17.00 0.00 0.00 0.00 0.00 1.00 1.00 24.00 22.00 896.00 22.00 35.00 2.00 22.00 22.00 912.00 16.00 23.00 3.00 1.00 24.00 21.00 901.00 27.00 44.00 27.00 903.00 30.00 21.00 27.00 16.00 902.00 33.00 20.00 0.00 2.00 0.00 0.00 0.00 0.00 0.00 1.00 2.00 30.00 23.00 888.00 22.00 30.00 3.00 34.00 23.00 901.00 16.00 29.00 18.00 28.00 903.00 27.00 22.00 0.00 0.00 0.00 0.00 0.00 2.00 2.00 27.00 27.00 
906.00 19.00 30.00 0.00 0.00 0.00 1.00 27.00 21.00 909.00 18.00 23.00 1.00 0.00 0.00 0.00 0.00 0.00 24.00 21.00 895.00 35.00 23.00 2.00 22.00 21.00 907.00 17.00 31.00 2.00 2.00 30.00 17.00 892.00 32.00 30.00 29.00 179.00 744.00 22.00 48.00 23.00 902.00 22.00 27.00 1.00 0.00 0.00 0.00 0.00 0.00 0.00 1.00 1.00 17.00 24.00 898.00 29.00 28.00 2.00 28.00 30.00 904.00 26.00 15.00 31.00 14.00 913.00 16.00 21.00 1.00 1.00 0.00 0.00 0.00 0.00 0.00 25.00 20.00 
917.00 25.00 23.00 2.00 1.00 0.00 2.00 18.00 21.00 909.00 26.00 22.00 2.00 0.00 0.00 0.00 0.00 2.00 26.00 26.00 903.00 21.00 21.00 1.00 52.00 11.00 892.00 24.00 21.00 0.00 1.00 22.00 25.00 904.00 28.00 23.00 22.00 110.00 816.00 22.00 51.00 30.00 902.00 20.00 24.00 0.00 0.00 0.00 0.00 0.00 0.00 0.00 0.00 0.00 21.00 36.00 895.00 18.00 28.00 4.00 29.00 20.00 901.00 19.00 27.00 29.00 23.00 904.00 24.00 18.00 2.00 2.00 0.00 0.00 0.00 0.00 0.00 13.00 19.00 
912.00 20.00 27.00 1.00 0.00 1.00 2.00 24.00 34.00 895.00 19.00 24.00 1.00 0.00 0.00 0.00 0.00 1.00 23.00 24.00 908.00 27.00 38.00 28.00 907.00 17.00 23.00 3.00 1.00 1.00 3.00 25.00 21.00 911.00 17.00 43.00 24.00 906.00 30.00 20.00 14.00 15.00 560.00 371.00 30.00 8.00 0.00 1.00 0.00 0.00 0.00 0.00 1.00 1.00 25.00 21.00 901.00 26.00 23.00 2.00 16.00 22.00 903.00 30.00 28.00 16.00 22.00 914.00 24.00 22.00 3.00 0.00 0.00 0.00 0.00 0.00 1.00 21.00 18.00 
908.00 28.00 15.00 0.00 0.00 0.00 2.00 26.00 22.00 886.00 33.00 27.00 3.00 1.00 0.00 0.00 1.00 1.00 23.00 22.00 889.00 40.00 46.00 27.00 890.00 21.00 36.00 4.00 0.00 1.00 2.00 25.00 31.00 881.00 26.00 61.00 30.00 891.00 24.00 26.00 3.00 31.00 20.00 896.00 26.00 24.00 2.00 0.00 0.00 0.00 0.00 0.00 1.00 2.00 30.00 24.00 898.00 22.00 23.00 2.00 21.00 20.00 899.00 24.00 34.00 26.00 31.00 904.00 18.00 20.00 1.00 0.00 0.00 0.00 0.00 0.00 2.00 25.00 22.00 
918.00 24.00 25.00 1.00 0.00 1.00 0.00 23.00 33.00 893.00 24.00 25.00 0.00 1.00 0.00 0.00 0.00 0.00 23.00 18.00 905.00 29.00 53.00 22.00 906.00 24.00 18.00 2.00 0.00 0.00 2.00 24.00 23.00 899.00 27.00 42.00 22.00 906.00 33.00 21.00 2.00 20.00 26.00 903.00 28.00 20.00 2.00 0.00 0.00 0.00 0.00 0.00 0.00 2.00 31.00 30.00 879.00 29.00 29.00 1.00 23.00 24.00 901.00 26.00 28.00 36.00 25.00 893.00 24.00 18.00 1.00 0.00 0.00 0.00 0.00 0.00 0.00 16.00 16.00 
900.00 23.00 22.00 1.00 1.00 0.00 0.00 21.00 29.00 901.00 23.00 25.00 1.00 0.00 0.00 0.00 0.00 1.00 23.00 22.00 907.00 28.00 40.00 26.00 900.00 31.00 21.00 0.00 1.00 0.00 0.00 25.00 21.00 905.00 21.00 48.00 27.00 919.00 16.00 19.00 0.00 23.00 23.00 903.00 23.00 24.00 2.00 1.00 0.00 0.00 0.00 0.00 1.00 1.00 24.00 18.00 897.00 29.00 28.00 2.00 26.00 20.00 897.00 27.00 32.00 21.00 16.00 915.00 20.00 25.00 1.00 0.00 0.00 0.00 0.00 0.00 2.00 19.00 32.00 
888.00 16.00 24.00 0.00 0.00 0.00 0.00 26.00 20.00 913.00 23.00 16.00 1.00 1.00 0.00 0.00 1.00 1.00 19.00 26.00 907.00 24.00 37.00 24.00 914.00 22.00 25.00 0.00 0.00 0.00 1.00 24.00 27.00 907.00 23.00 39.00 32.00 903.00 27.00 17.00 0.00 14.00 20.00 924.00 18.00 22.00 1.00 1.00 0.00 0.00 0.00 0.00 0.00 0.00 15.00 21.00 900.00 31.00 29.00 2.00 23.00 23.00 912.00 21.00 23.00 23.00 26.00 900.00 20.00 28.00 0.00 3.00 0.00 0.00 0.00 1.00 3.00 32.00 36.00 
887.00 32.00 28.00 1.00 2.00 1.00 0.00 31.00 32.00 880.00 29.00 26.00 0.00 1.00 0.00 0.00 1.00 2.00 26.00 22.00 903.00 17.00 44.00 28.00 917.00 24.00 17.00 1.00 3.00 25.00 28.00 899.00 18.00 23.00 3.00 23.00 21.00 901.00 25.00 26.00 1.00 23.00 33.00 900.00 20.00 24.00 0.00 2.00 0.00 0.00 0.00 0.00 0.00 1.00 19.00 26.00 911.00 21.00 22.00 1.00 26.00 26.00 901.00 22.00 25.00 20.00 18.00 914.00 30.00 17.00 0.00 0.00 0.00 0.00 0.00 2.00 3.00 20.00 25.00 
910.00 12.00 25.00 0.00 2.00 0.00 0.00 23.00 15.00 925.00 15.00 22.00 0.00 0.00 0.00 0.00 0.00 0.00 29.00 32.00 890.00 29.00 36.00 27.00 786.00 152.00 16.00 3.00 1.00 24.00 20.00 915.00 25.00 15.00 2.00 24.00 34.00 893.00 22.00 25.00 1.00 14.00 23.00 905.00 34.00 21.00 2.00 0.00 0.00 0.00 0.00 0.00 0.00 1.00 18.00 29.00 899.00 22.00 29.00 0.00 22.00 34.00 884.00 27.00 36.00 23.00 31.00 899.00 19.00 26.00 0.00 1.00 0.00 0.00 0.00 0.00 2.00 24.00 25.00 
916.00 18.00 22.00 1.00 1.00 0.00 0.00 26.00 19.00 900.00 29.00 25.00 1.00 0.00 0.00 0.00 0.00 1.00 29.00 31.00 879.00 33.00 27.00 27.00 32.00 888.00 26.00 27.00 0.00 24.00 21.00 915.00 20.00 18.00 1.00 22.00 28.00 909.00 23.00 19.00 1.00 21.00 16.00 916.00 24.00 22.00 0.00 0.00 0.00 0.00 0.00 0.00 1.00 1.00 29.00 27.00 903.00 22.00 15.00 4.00 14.00 19.00 911.00 28.00 26.00 33.00 18.00 899.00 28.00 20.00 2.00 0.00 0.00 0.00 0.00 1.00 0.00 16.00 25.00 
904.00 20.00 20.00 1.00 2.00 1.00 2.00 25.00 25.00 891.00 26.00 25.00 3.00 1.00 0.00 0.00 0.00 3.00 30.00 33.00 893.00 17.00 24.00 33.00 24.00 884.00 28.00 27.00 3.00 24.00 35.00 895.00 21.00 25.00 1.00 18.00 25.00 900.00 28.00 25.00 6.00 19.00 29.00 893.00 31.00 24.00 2.00 0.00 0.00 0.00 0.00 0.00 0.00 1.00 24.00 24.00 901.00 24.00 25.00 2.00 23.00 21.00 906.00 27.00 21.00 39.00 24.00 898.00 18.00 22.00 0.00 0.00 0.00 0.00 0.00 1.00 4.00 29.00 20.00 
899.00 25.00 29.00 1.00 0.00 2.00 0.00 20.00 15.00 914.00 13.00 34.00 2.00 0.00 0.00 0.00 1.00 3.00 25.00 20.00 912.00 22.00 17.00 28.00 23.00 899.00 21.00 27.00 3.00 30.00 21.00 903.00 27.00 18.00 1.00 25.00 20.00 901.00 23.00 30.00 2.00 22.00 20.00 911.00 22.00 23.00 0.00 0.00 0.00 0.00 0.00 0.00 0.00 1.00 29.00 23.00 903.00 19.00 24.00 4.00 17.00 31.00 892.00 31.00 27.00 24.00 18.00 918.00 21.00 16.00 1.00 1.00 0.00 0.00 0.00 0.00 1.00 24.00 21.00 
909.00 29.00 27.00 2.00 1.00 0.00 2.00 24.00 35.00 900.00 18.00 19.00 1.00 1.00 0.00 0.00 0.00 1.00 15.00 20.00 908.00 34.00 21.00 23.00 24.00 907.00 22.00 23.00 4.00 22.00 20.00 909.00 20.00 27.00 3.00 20.00 15.00 905.00 26.00 30.00 2.00 33.00 22.00 910.00 20.00 13.00 0.00 1.00 0.00 0.00 0.00 0.00 0.00 0.00 22.00 22.00 914.00 25.00 16.00 1.00 24.00 21.00 899.00 32.00 26.00 23.00 35.00 894.00 28.00 14.00 3.00 1.00 0.00 0.00 0.00 2.00 0.00 15.00 15.00 
901.00 31.00 22.00 1.00 0.00 1.00 0.00 21.00 17.00 914.00 23.00 23.00 1.00 0.00 0.00 0.00 1.00 0.00 28.00 25.00 912.00 16.00 17.00 20.00 26.00 900.00 27.00 24.00 6.00 26.00 24.00 896.00 24.00 25.00 2.00 22.00 28.00 902.00 28.00 21.00 3.00 25.00 17.00 899.00 29.00 26.00 0.00 1.00 0.00 0.00 0.00 0.00 0.00 2.00 24.00 20.00 898.00 24.00 30.00 2.00 27.00 27.00 886.00 26.00 36.00 26.00 21.00 890.00 27.00 30.00 2.00 2.00 0.00 0.00 0.00 0.00 1.00 25.00 19.00 
925.00 25.00 24.00 9.00 9.00 11.00 12.00 37.00 35.00 906.00 38.00 34.00 11.00 8.00 12.00 9.00 12.00 12.00 43.00 28.00 827.00 118.00 28.00 37.00 33.00 906.00 43.00 37.00 23.00 598.00 23.00 102.00 49.00 11.00 11.00 9.00 11.00 47.00 9.00 43.00 10.00 10.00 12.00 40.00 13.00 8.00 44.00 7.00 9.00 8.00 11.00 6.00 14.00 28.00 43.00 657.00 919.00 45.00 53.00 35.00 645.00 60.00 918.00 26.00 39.00 18.00 15.00 384.00 30.00 30.00 545.00 20.00 27.00 12.00 9.00 9.00 8.00 38.00 30.00 
131.00 21.00 793.00 30.00 16.00 1.00 1.00 8.00 14.00 432.00 11.00 10.00 0.00 0.00 0.00 1.00 14.00 11.00 476.00 35.00 29.00 914.00 35.00 38.00 248.00 673.00 28.00 40.00 24.00 917.00 25.00 16.00 0.00 0.00 0.00 0.00 0.00 0.00 0.00 0.00 0.00 0.00 0.00 0.00 0.00 0.00 0.00 0.00 0.00 0.00 0.00 0.00 0.00 19.00 42.00 927.00 756.00 47.00 46.00 198.00 930.00 38.00 704.00 28.00 240.00 15.00 9.00 0.00 20.00 22.00 903.00 26.00 29.00 1.00 0.00 0.00 0.00 5.00 3.00 
22.00 18.00 894.00 30.00 30.00 3.00 1.00 0.00 0.00 0.00 0.00 0.00 0.00 0.00 1.00 2.00 26.00 19.00 905.00 41.00 51.00 908.00 46.00 59.00 899.00 18.00 25.00 25.00 27.00 906.00 19.00 22.00 1.00 0.00 0.00 0.00 0.00 0.00 0.00 0.00 0.00 0.00 0.00 0.00 0.00 0.00 0.00 0.00 0.00 0.00 0.00 0.00 1.00 25.00 26.00 907.00 28.00 39.00 53.00 919.00 943.00 43.00 41.00 23.00 891.00 29.00 30.00 4.00 18.00 28.00 904.00 19.00 24.00 2.00 2.00 1.00 0.00 1.00 1.00 
17.00 20.00 924.00 32.00 25.00 7.00 5.00 4.00 4.00 4.00 5.00 5.00 5.00 6.00 6.00 5.00 10.00 11.00 182.00 31.00 27.00 917.00 45.00 46.00 430.00 507.00 26.00 46.00 30.00 903.00 26.00 35.00 3.00 4.00 5.00 5.00 5.00 41.00 8.00 43.00 4.00 3.00 5.00 3.00 3.00 5.00 4.00 7.00 21.00 61.00 588.00 25.00 242.00 43.00 30.00 917.00 35.00 314.00 46.00 500.00 718.00 49.00 42.00 506.00 430.00 27.00 14.00 6.00 23.00 26.00 764.00 18.00 35.00 5.00 4.00 4.00 4.00 5.00 4.00 
407.00 19.00 513.00 21.00 18.00 2.00 2.00 1.00 2.00 1.00 2.00 1.00 2.00 1.00 2.00 0.00 2.00 1.00 5.00 30.00 28.00 904.00 19.00 52.00 30.00 900.00 24.00 49.00 35.00 889.00 28.00 30.00 5.00 2.00 3.00 2.00 3.00 2.00 1.00 2.00 1.00 1.00 2.00 2.00 2.00 2.00 1.00 3.00 29.00 29.00 950.00 54.00 944.00 43.00 72.00 946.00 787.00 959.00 46.00 29.00 3.00 37.00 29.00 891.00 25.00 22.00 3.00 3.00 2.00 2.00 1.00 2.00 1.00 2.00 2.00 3.00 2.00 14.00 14.00 
908.00 24.00 20.00 2.00 0.00 0.00 0.00 0.00 0.00 0.00 0.00 0.00 0.00 0.00 0.00 0.00 0.00 1.00 1.00 21.00 30.00 905.00 21.00 41.00 21.00 915.00 22.00 51.00 26.00 896.00 25.00 19.00 4.00 1.00 0.00 0.00 0.00 0.00 0.00 0.00 0.00 0.00 0.00 0.00 0.00 1.00 0.00 1.00 22.00 19.00 681.00 22.00 433.00 39.00 70.00 930.00 834.00 443.00 55.00 540.00 495.00 51.00 32.00 898.00 25.00 25.00 9.00 9.00 244.00 7.00 8.00 105.00 1.00 1.00 0.00 1.00 3.00 21.00 21.00 
898.00 27.00 21.00 2.00 0.00 0.00 0.00 0.00 0.00 0.00 0.00 0.00 0.00 0.00 0.00 0.00 0.00 2.00 2.00 36.00 22.00 884.00 29.00 47.00 33.00 906.00 20.00 37.00 29.00 909.00 18.00 24.00 1.00 1.00 0.00 0.00 0.00 0.00 0.00 0.00 0.00 0.00 0.00 0.00 0.00 0.00 0.00 0.00 0.00 0.00 0.00 1.00 1.00 18.00 21.00 915.00 18.00 53.00 40.00 930.00 940.00 55.00 48.00 810.00 126.00 26.00 35.00 33.00 870.00 51.00 54.00 907.00 23.00 25.00 0.00 1.00 2.00 27.00 22.00 
917.00 16.00 12.00 1.00 0.00 0.00 0.00 0.00 0.00 0.00 0.00 0.00 0.00 0.00 0.00 0.00 0.00 1.00 2.00 27.00 19.00 708.00 213.00 43.00 32.00 903.00 24.00 57.00 23.00 894.00 24.00 30.00 0.00 0.00 0.00 0.00 0.00 0.00 0.00 0.00 0.00 0.00 0.00 0.00 0.00 0.00 0.00 0.00 0.00 3.00 18.00 36.00 739.00 823.00 75.00 926.00 23.00 29.00 7.00 126.00 187.00 4.00 33.00 15.00 909.00 27.00 45.00 30.00 898.00 29.00 50.00 556.00 366.00 33.00 9.00 4.00 2.00 21.00 31.00 
896.00 18.00 24.00 1.00 0.00 0.00 0.00 0.00 0.00 0.00 0.00 0.00 0.00 0.00 0.00 0.00 0.00 0.00 1.00 2.00 28.00 23.00 902.00 41.00 37.00 559.00 379.00 43.00 24.00 908.00 29.00 24.00 0.00 0.00 0.00 0.00 0.00 0.00 0.00 0.00 0.00 0.00 0.00 0.00 0.00 0.00 0.00 0.00 1.00 3.00 27.00 48.00 851.00 814.00 61.00 917.00 31.00 23.00 7.00 130.00 79.00 8.00 28.00 20.00 895.00 24.00 49.00 21.00 905.00 32.00 52.00 24.00 909.00 20.00 20.00 2.00 3.00 23.00 34.00 
894.00 23.00 30.00 3.00 0.00 0.00 0.00 0.00 0.00 0.00 0.00 0.00 0.00 0.00 0.00 0.00 0.00 0.00 1.00 1.00 30.00 19.00 901.00 24.00 49.00 23.00 911.00 41.00 48.00 915.00 18.00 18.00 1.00 0.00 0.00 0.00 0.00 0.00 0.00 0.00 0.00 0.00 0.00 0.00 0.00 0.00 0.00 0.00 0.00 0.00 0.00 0.00 1.00 18.00 25.00 913.00 30.00 53.00 50.00 930.00 916.00 46.00 40.00 25.00 905.00 19.00 48.00 21.00 908.00 24.00 57.00 31.00 891.00 21.00 25.00 2.00 2.00 25.00 24.00 
900.00 15.00 24.00 1.00 0.00 0.00 0.00 0.00 0.00 0.00 0.00 0.00 0.00 0.00 0.00 0.00 0.00 0.00 1.00 0.00 24.00 20.00 904.00 22.00 44.00 32.00 914.00 57.00 304.00 635.00 21.00 20.00 2.00 0.00 0.00 0.00 0.00 0.00 0.00 0.00 0.00 0.00 0.00 0.00 0.00 0.00 0.00 0.00 0.00 1.00 6.00 15.00 323.00 22.00 41.00 914.00 19.00 50.00 47.00 904.00 613.00 37.00 36.00 24.00 908.00 23.00 43.00 26.00 882.00 39.00 53.00 25.00 896.00 25.00 27.00 1.00 3.00 32.00 25.00 
903.00 33.00 14.00 2.00 2.00 2.00 21.00 21.00 859.00 27.00 17.00 1.00 0.00 0.00 0.00 0.00 0.00 0.00 1.00 23.00 14.00 711.00 219.00 24.00 26.00 21.00 929.00 59.00 937.00 15.00 21.00 0.00 0.00 0.00 0.00 0.00 0.00 0.00 0.00 0.00 0.00 0.00 0.00 0.00 0.00 0.00 0.00 0.00 0.00 0.00 22.00 25.00 911.00 50.00 46.00 911.00 19.00 38.00 27.00 909.00 20.00 24.00 21.00 23.00 896.00 27.00 44.00 18.00 921.00 28.00 21.00 3.00 41.00 2.00 2.00 3.00 2.00 24.00 20.00 
897.00 28.00 20.00 1.00 3.00 1.00 21.00 22.00 904.00 29.00 19.00 0.00 1.00 0.00 0.00 1.00 0.00 1.00 1.00 26.00 25.00 899.00 21.00 46.00 23.00 865.00 101.00 39.00 896.00 28.00 26.00 1.00 1.00 0.00 0.00 0.00 0.00 0.00 0.00 0.00 0.00 0.00 0.00 0.00 0.00 0.00 0.00 0.00 0.00 1.00 20.00 41.00 890.00 45.00 48.00 898.00 35.00 52.00 20.00 904.00 23.00 19.00 39.00 22.00 894.00 24.00 42.00 27.00 919.00 18.00 18.00 1.00 0.00 0.00 0.00 2.00 1.00 24.00 27.00 
910.00 25.00 22.00 2.00 0.00 0.00 19.00 25.00 912.00 18.00 26.00 0.00 0.00 0.00 0.00 0.00 0.00 1.00 1.00 27.00 28.00 914.00 19.00 30.00 25.00 900.00 46.00 44.00 913.00 30.00 21.00 0.00 1.00 0.00 0.00 0.00 0.00 0.00 0.00 0.00 0.00 0.00 0.00 0.00 0.00 0.00 0.00 0.00 0.00 1.00 22.00 24.00 905.00 45.00 49.00 906.00 31.00 44.00 23.00 902.00 26.00 31.00 23.00 220.00 700.00 30.00 38.00 22.00 913.00 20.00 23.00 1.00 1.00 0.00 1.00 1.00 1.00 19.00 19.00 
917.00 22.00 22.00 0.00 0.00 3.00 26.00 21.00 892.00 26.00 27.00 3.00 2.00 0.00 0.00 0.00 0.00 0.00 3.00 33.00 15.00 892.00 32.00 51.00 24.00 899.00 48.00 38.00 920.00 22.00 21.00 1.00 1.00 0.00 0.00 0.00 0.00 0.00 0.00 0.00 0.00 0.00 0.00 0.00 0.00 0.00 0.00 0.00 0.00 1.00 32.00 26.00 903.00 43.00 41.00 899.00 52.00 46.00 881.00 44.00 29.00 25.00 22.00 908.00 18.00 30.00 31.00 32.00 900.00 13.00 21.00 2.00 0.00 1.00 0.00 1.00 0.00 19.00 19.00 
895.00 26.00 28.00 0.00 1.00 2.00 20.00 20.00 906.00 23.00 27.00 1.00 1.00 0.00 0.00 0.00 0.00 0.00 0.00 29.00 25.00 890.00 26.00 56.00 19.00 900.00 56.00 50.00 756.00 165.00 24.00 4.00 0.00 0.00 0.00 0.00 0.00 0.00 0.00 0.00 0.00 0.00 0.00 0.00 0.00 0.00 0.00 0.00 3.00 3.00 29.00 18.00 915.00 43.00 40.00 900.00 48.00 58.00 908.00 16.00 17.00 25.00 26.00 917.00 19.00 16.00 27.00 27.00 905.00 19.00 20.00 1.00 0.00 0.00 0.00 1.00 3.00 24.00 22.00 
905.00 21.00 24.00 1.00 1.00 3.00 26.00 29.00 900.00 21.00 20.00 0.00 0.00 0.00 0.00 0.00 0.00 1.00 0.00 26.00 27.00 900.00 24.00 46.00 33.00 906.00 25.00 32.00 24.00 922.00 14.00 18.00 1.00 1.00 0.00 0.00 0.00 0.00 0.00 0.00 0.00 0.00 0.00 0.00 0.00 0.00 0.00 0.00 0.00 3.00 23.00 29.00 901.00 47.00 41.00 897.00 52.00 56.00 900.00 28.00 19.00 20.00 18.00 907.00 26.00 34.00 33.00 25.00 900.00 18.00 22.00 0.00 1.00 0.00 0.00 0.00 2.00 20.00 27.00 
911.00 25.00 22.00 3.00 0.00 1.00 29.00 32.00 887.00 30.00 20.00 1.00 0.00 0.00 0.00 0.00 0.00 3.00 3.00 22.00 15.00 907.00 25.00 43.00 24.00 911.00 26.00 37.00 25.00 907.00 28.00 23.00 1.00 0.00 0.00 0.00 0.00 0.00 0.00 0.00 0.00 0.00 0.00 0.00 0.00 0.00 0.00 0.00 1.00 2.00 22.00 23.00 896.00 48.00 55.00 913.00 32.00 47.00 426.00 501.00 22.00 16.00 22.00 208.00 727.00 25.00 32.00 19.00 912.00 30.00 20.00 1.00 0.00 0.00 0.00 0.00 0.00 22.00 17.00 
906.00 23.00 26.00 2.00 2.00 3.00 12.00 21.00 906.00 33.00 24.00 0.00 1.00 0.00 0.00 0.00 0.00 0.00 2.00 27.00 23.00 894.00 29.00 39.00 27.00 896.00 29.00 49.00 33.00 903.00 26.00 22.00 1.00 0.00 0.00 0.00 0.00 0.00 0.00 0.00 0.00 0.00 0.00 0.00 0.00 0.00 0.00 0.00 0.00 1.00 15.00 22.00 907.00 51.00 48.00 907.00 25.00 43.00 28.00 901.00 31.00 21.00 24.00 78.00 855.00 17.00 55.00 29.00 897.00 24.00 19.00 1.00 1.00 0.00 0.00 0.00 0.00 15.00 26.00 
910.00 29.00 13.00 2.00 2.00 1.00 26.00 22.00 899.00 19.00 32.00 1.00 1.00 0.00 0.00 0.00 0.00 0.00 0.00 19.00 27.00 911.00 23.00 41.00 27.00 904.00 21.00 48.00 19.00 914.00 16.00 28.00 1.00 1.00 0.00 0.00 0.00 0.00 0.00 0.00 0.00 0.00 0.00 0.00 0.00 0.00 0.00 0.00 0.00 21.00 28.00 688.00 233.00 38.00 35.00 904.00 30.00 45.00 30.00 896.00 23.00 51.00 25.00 900.00 26.00 27.00 20.00 32.00 894.00 21.00 26.00 2.00 3.00 2.00 0.00 0.00 0.00 23.00 20.00 
914.00 23.00 24.00 0.00 1.00 2.00 29.00 33.00 888.00 25.00 21.00 1.00 0.00 0.00 0.00 0.00 0.00 0.00 3.00 29.00 22.00 894.00 22.00 46.00 26.00 901.00 29.00 52.00 21.00 909.00 16.00 27.00 1.00 2.00 0.00 0.00 0.00 0.00 0.00 0.00 0.00 0.00 0.00 0.00 0.00 0.00 0.00 3.00 1.00 33.00 31.00 863.00 54.00 36.00 19.00 916.00 21.00 52.00 120.00 819.00 21.00 40.00 323.00 606.00 31.00 12.00 20.00 27.00 902.00 25.00 22.00 1.00 1.00 1.00 0.00 0.00 1.00 19.00 19.00 
909.00 14.00 19.00 2.00 1.00 2.00 27.00 23.00 902.00 19.00 26.00 2.00 0.00 0.00 0.00 0.00 0.00 0.00 2.00 24.00 18.00 909.00 20.00 44.00 19.00 914.00 29.00 38.00 37.00 908.00 19.00 16.00 3.00 0.00 0.00 0.00 0.00 0.00 0.00 0.00 0.00 0.00 0.00 0.00 0.00 0.00 1.00 0.00 2.00 2.00 33.00 22.00 893.00 44.00 57.00 898.00 43.00 47.00 910.00 25.00 48.00 23.00 902.00 21.00 29.00 2.00 23.00 25.00 901.00 27.00 22.00 0.00 0.00 0.00 0.00 0.00 2.00 13.00 39.00 
921.00 17.00 19.00 1.00 0.00 0.00 26.00 17.00 900.00 25.00 28.00 4.00 0.00 0.00 0.00 0.00 0.00 0.00 0.00 30.00 23.00 898.00 21.00 52.00 27.00 896.00 34.00 48.00 258.00 672.00 27.00 14.00 0.00 0.00 0.00 0.00 0.00 0.00 0.00 0.00 0.00 0.00 0.00 0.00 0.00 0.00 0.00 0.00 0.00 0.00 22.00 23.00 921.00 49.00 31.00 910.00 40.00 47.00 912.00 24.00 46.00 18.00 911.00 26.00 21.00 3.00 23.00 25.00 893.00 29.00 24.00 2.00 0.00 0.00 0.00 1.00 0.00 20.00 21.00 
901.00 36.00 21.00 3.00 3.00 1.00 29.00 23.00 901.00 23.00 22.00 0.00 0.00 0.00 0.00 0.00 0.00 2.00 0.00 20.00 24.00 910.00 17.00 51.00 28.00 887.00 54.00 46.00 901.00 29.00 27.00 3.00 1.00 0.00 0.00 0.00 0.00 0.00 0.00 0.00 0.00 0.00 0.00 0.00 0.00 0.00 0.00 0.00 1.00 4.00 31.00 23.00 894.00 49.00 49.00 909.00 42.00 41.00 884.00 41.00 52.00 18.00 915.00 23.00 22.00 5.00 36.00 20.00 897.00 17.00 24.00 2.00 1.00 0.00 0.00 3.00 0.00 21.00 13.00 
898.00 26.00 21.00 1.00 0.00 1.00 28.00 20.00 905.00 20.00 26.00 0.00 0.00 0.00 0.00 0.00 0.00 1.00 0.00 21.00 32.00 879.00 37.00 61.00 20.00 916.00 36.00 38.00 915.00 26.00 14.00 3.00 1.00 0.00 0.00 0.00 0.00 0.00 0.00 0.00 0.00 0.00 0.00 0.00 0.00 0.00 0.00 0.00 1.00 4.00 32.00 37.00 912.00 568.00 42.00 387.00 31.00 36.00 903.00 24.00 23.00 22.00 115.00 822.00 20.00 19.00 22.00 18.00 918.00 25.00 18.00 1.00 0.00 0.00 0.00 0.00 0.00 28.00 26.00 
890.00 24.00 26.00 1.00 1.00 0.00 28.00 24.00 903.00 21.00 20.00 3.00 1.00 0.00 0.00 0.00 0.00 0.00 1.00 24.00 16.00 904.00 22.00 47.00 28.00 919.00 34.00 45.00 928.00 14.00 18.00 0.00 0.00 0.00 0.00 0.00 0.00 0.00 0.00 0.00 0.00 0.00 0.00 0.00 0.00 0.00 0.00 0.00 0.00 1.00 21.00 42.00 934.00 916.00 53.00 31.00 24.00 24.00 900.00 32.00 19.00 24.00 16.00 923.00 16.00 24.00 27.00 34.00 902.00 19.00 17.00 1.00 0.00 0.00 0.00 0.00 1.00 31.00 26.00 
909.00 26.00 25.00 2.00 1.00 1.00 20.00 24.00 891.00 32.00 26.00 2.00 2.00 1.00 0.00 1.00 0.00 1.00 1.00 20.00 25.00 906.00 24.00 45.00 27.00 899.00 34.00 38.00 165.00 773.00 19.00 20.00 2.00 0.00 0.00 0.00 0.00 0.00 0.00 0.00 0.00 0.00 0.00 0.00 0.00 0.00 0.00 0.00 21.00 26.00 783.00 56.00 158.00 895.00 34.00 25.00 28.00 23.00 902.00 27.00 20.00 16.00 22.00 923.00 16.00 24.00 18.00 26.00 914.00 21.00 22.00 0.00 0.00 0.00 0.00 0.00 0.00 21.00 17.00 
902.00 16.00 27.00 1.00 3.00 1.00 20.00 24.00 909.00 23.00 21.00 2.00 0.00 0.00 0.00 0.00 0.00 0.00 2.00 20.00 31.00 889.00 28.00 41.00 26.00 918.00 18.00 49.00 27.00 909.00 20.00 22.00 0.00 0.00 0.00 0.00 0.00 0.00 0.00 0.00 0.00 0.00 0.00 0.00 0.00 0.00 0.00 0.00 17.00 18.00 919.00 43.00 50.00 901.00 26.00 26.00 25.00 28.00 904.00 21.00 24.00 29.00 22.00 903.00 28.00 19.00 19.00 20.00 909.00 26.00 21.00 1.00 1.00 0.00 0.00 1.00 0.00 28.00 22.00 
878.00 33.00 20.00 3.00 1.00 2.00 28.00 32.00 887.00 26.00 22.00 1.00 1.00 0.00 0.00 0.00 0.00 0.00 2.00 21.00 14.00 916.00 29.00 48.00 23.00 901.00 25.00 38.00 19.00 908.00 23.00 31.00 1.00 1.00 0.00 0.00 0.00 0.00 0.00 0.00 0.00 0.00 0.00 0.00 0.00 1.00 1.00 0.00 25.00 22.00 907.00 49.00 47.00 911.00 15.00 22.00 23.00 29.00 909.00 16.00 21.00 23.00 29.00 881.00 31.00 33.00 23.00 25.00 908.00 29.00 19.00 1.00 0.00 0.00 0.00 2.00 2.00 32.00 30.00 
901.00 24.00 29.00 2.00 3.00 2.00 29.00 24.00 877.00 27.00 36.00 2.00 2.00 1.00 0.00 0.00 0.00 0.00 3.00 23.00 17.00 901.00 32.00 56.00 34.00 891.00 24.00 38.00 31.00 907.00 16.00 26.00 0.00 1.00 0.00 0.00 0.00 0.00 0.00 0.00 0.00 0.00 0.00 0.00 0.00 0.00 0.00 0.00 15.00 14.00 507.00 36.00 55.00 903.00 414.00 39.00 50.00 20.00 907.00 30.00 15.00 26.00 24.00 899.00 19.00 26.00 15.00 26.00 923.00 23.00 14.00 0.00 0.00 0.00 0.00 0.00 0.00 21.00 20.00 
907.00 25.00 23.00 1.00 0.00 2.00 25.00 21.00 905.00 22.00 24.00 1.00 0.00 0.00 0.00 0.00 0.00 1.00 0.00 22.00 19.00 912.00 26.00 48.00 17.00 899.00 28.00 43.00 31.00 902.00 20.00 29.00 2.00 1.00 0.00 0.00 0.00 0.00 0.00 0.00 0.00 0.00 0.00 0.00 0.00 0.00 0.00 0.00 0.00 3.00 0.00 28.00 44.00 932.00 919.00 48.00 49.00 24.00 901.00 26.00 24.00 26.00 22.00 912.00 23.00 19.00 17.00 25.00 911.00 22.00 23.00 1.00 1.00 0.00 0.00 0.00 0.00 22.00 22.00 
889.00 28.00 19.00 2.00 0.00 0.00 36.00 29.00 901.00 18.00 16.00 0.00 0.00 0.00 0.00 0.00 1.00 0.00 2.00 17.00 147.00 791.00 24.00 37.00 24.00 915.00 27.00 47.00 20.00 895.00 21.00 30.00 0.00 1.00 1.00 0.00 0.00 0.00 0.00 0.00 0.00 0.00 0.00 0.00 0.00 1.00 1.00 2.00 19.00 21.00 651.00 52.00 662.00 289.00 282.00 16.00 31.00 28.00 901.00 26.00 18.00 24.00 33.00 883.00 31.00 27.00 26.00 23.00 900.00 29.00 24.00 0.00 0.00 0.00 0.00 2.00 3.00 29.00 28.00 
900.00 29.00 21.00 1.00 1.00 0.00 14.00 33.00 913.00 21.00 19.00 0.00 0.00 0.00 0.00 0.00 0.00 0.00 19.00 18.00 916.00 16.00 32.00 20.00 26.00 912.00 22.00 48.00 29.00 896.00 26.00 19.00 1.00 0.00 0.00 0.00 0.00 0.00 0.00 0.00 0.00 0.00 0.00 0.00 0.00 0.00 1.00 1.00 19.00 24.00 927.00 50.00 918.00 27.00 31.00 1.00 20.00 17.00 914.00 28.00 24.00 28.00 23.00 899.00 27.00 22.00 35.00 22.00 897.00 30.00 15.00 0.00 0.00 0.00 0.00 0.00 2.00 24.00 22.00 
920.00 21.00 23.00 1.00 1.00 1.00 24.00 21.00 908.00 25.00 17.00 2.00 1.00 0.00 0.00 0.00 2.00 3.00 18.00 25.00 892.00 36.00 25.00 19.00 23.00 905.00 18.00 53.00 25.00 908.00 28.00 19.00 1.00 0.00 0.00 0.00 0.00 0.00 0.00 0.00 0.00 0.00 0.00 0.00 0.00 0.00 0.00 0.00 0.00 2.00 3.00 23.00 25.00 894.00 62.00 51.00 913.00 55.00 924.00 23.00 23.00 23.00 23.00 914.00 20.00 27.00 24.00 18.00 897.00 26.00 26.00 3.00 1.00 0.00 0.00 0.00 0.00 17.00 18.00 
913.00 16.00 19.00 0.00 1.00 1.00 26.00 25.00 901.00 23.00 21.00 2.00 0.00 0.00 0.00 0.00 0.00 1.00 25.00 18.00 895.00 31.00 43.00 23.00 535.00 393.00 31.00 35.00 22.00 896.00 28.00 22.00 2.00 0.00 0.00 0.00 0.00 0.00 0.00 0.00 0.00 0.00 0.00 0.00 0.00 0.00 0.00 0.00 0.00 1.00 0.00 18.00 22.00 916.00 37.00 50.00 657.00 38.00 610.00 40.00 579.00 40.00 33.00 913.00 24.00 20.00 24.00 24.00 910.00 22.00 21.00 1.00 0.00 0.00 0.00 1.00 0.00 33.00 18.00 
473.00 29.00 455.00 9.00 15.00 4.00 23.00 26.00 899.00 31.00 22.00 1.00 3.00 1.00 2.00 1.00 3.00 12.00 25.00 636.00 300.00 28.00 37.00 32.00 896.00 30.00 17.00 26.00 26.00 911.00 22.00 25.00 2.00 4.00 2.00 2.00 1.00 1.00 1.00 1.00 1.00 1.00 1.00 2.00 1.00 2.00 1.00 2.00 1.00 2.00 3.00 25.00 23.00 905.00 40.00 48.00 740.00 24.00 38.00 26.00 980.00 46.00 48.00 915.00 17.00 25.00 27.00 30.00 907.00 18.00 26.00 2.00 2.00 2.00 0.00 2.00 2.00 13.00 18.00 
26.00 28.00 902.00 18.00 20.00 1.00 24.00 17.00 772.00 160.00 20.00 5.00 2.00 1.00 0.00 1.00 0.00 28.00 21.00 895.00 28.00 28.00 23.00 32.00 886.00 32.00 26.00 30.00 32.00 889.00 27.00 21.00 0.00 1.00 0.00 0.00 0.00 0.00 0.00 0.00 0.00 0.00 0.00 0.00 0.00 0.00 0.00 0.00 0.00 0.00 1.00 25.00 24.00 897.00 49.00 46.00 906.00 28.00 56.00 30.00 885.00 42.00 49.00 903.00 30.00 28.00 27.00 19.00 908.00 20.00 26.00 1.00 0.00 0.00 0.00 1.00 0.00 2.00 1.00 
20.00 31.00 896.00 23.00 28.00 1.00 2.00 28.00 14.00 914.00 21.00 18.00 0.00 1.00 0.00 1.00 0.00 21.00 19.00 920.00 21.00 20.00 21.00 25.00 904.00 30.00 18.00 28.00 20.00 901.00 23.00 26.00 1.00 1.00 0.00 0.00 0.00 0.00 0.00 0.00 0.00 0.00 0.00 0.00 0.00 0.00 0.00 0.00 0.00 0.00 1.00 28.00 20.00 904.00 47.00 51.00 903.00 22.00 48.00 29.00 899.00 54.00 46.00 771.00 28.00 147.00 30.00 24.00 898.00 25.00 24.00 0.00 1.00 0.00 0.00 0.00 0.00 0.00 3.00 
28.00 23.00 906.00 22.00 18.00 1.00 1.00 25.00 23.00 902.00 21.00 26.00 1.00 1.00 0.00 1.00 0.00 22.00 25.00 904.00 27.00 21.00 29.00 25.00 888.00 29.00 35.00 28.00 20.00 904.00 18.00 22.00 1.00 1.00 0.00 0.00 0.00 0.00 0.00 0.00 0.00 0.00 0.00 0.00 0.00 0.00 0.00 0.00 0.00 14.00 21.00 771.00 23.00 164.00 21.00 31.00 911.00 23.00 49.00 27.00 903.00 25.00 19.00 28.00 35.00 900.00 63.00 552.00 376.00 34.00 9.00 1.00 0.00 0.00 0.00 0.00 0.00 0.00 2.00 
35.00 21.00 885.00 22.00 26.00 4.00 5.00 27.00 23.00 897.00 24.00 28.00 0.00 0.00 0.00 3.00 2.00 29.00 25.00 899.00 22.00 18.00 28.00 19.00 907.00 23.00 26.00 21.00 22.00 906.00 25.00 22.00 3.00 0.00 0.00 0.00 0.00 0.00 0.00 0.00 0.00 0.00 0.00 0.00 0.00 0.00 0.00 1.00 1.00 21.00 35.00 898.00 26.00 20.00 37.00 22.00 900.00 22.00 43.00 26.00 901.00 36.00 27.00 387.00 22.00 575.00 35.00 910.00 29.00 25.00 0.00 1.00 0.00 0.00 0.00 0.00 0.00 2.00 1.00 
22.00 24.00 919.00 13.00 18.00 1.00 3.00 19.00 23.00 889.00 31.00 35.00 0.00 1.00 0.00 1.00 2.00 25.00 18.00 904.00 29.00 23.00 27.00 16.00 904.00 19.00 31.00 29.00 21.00 897.00 27.00 26.00 0.00 1.00 0.00 0.00 0.00 0.00 0.00 0.00 0.00 0.00 0.00 0.00 0.00 0.00 0.00 1.00 0.00 23.00 16.00 914.00 31.00 16.00 26.00 24.00 908.00 23.00 42.00 20.00 911.00 58.00 39.00 898.00 21.00 29.00 6.00 142.00 30.00 788.00 12.00 21.00 0.00 1.00 0.00 0.00 0.00 2.00 0.00 
15.00 26.00 912.00 29.00 13.00 6.00 1.00 27.00 24.00 893.00 29.00 23.00 1.00 0.00 0.00 0.00 1.00 19.00 25.00 912.00 23.00 21.00 24.00 25.00 893.00 25.00 28.00 23.00 36.00 891.00 32.00 20.00 1.00 1.00 0.00 0.00 0.00 0.00 0.00 0.00 0.00 0.00 0.00 0.00 0.00 0.00 0.00 1.00 2.00 31.00 32.00 881.00 29.00 26.00 22.00 20.00 909.00 37.00 43.00 443.00 479.00 52.00 47.00 889.00 25.00 32.00 1.00 20.00 15.00 921.00 22.00 20.00 0.00 1.00 0.00 0.00 0.00 0.00 1.00 
21.00 20.00 911.00 23.00 23.00 1.00 2.00 21.00 25.00 902.00 23.00 27.00 0.00 0.00 0.00 1.00 0.00 24.00 23.00 898.00 24.00 30.00 23.00 30.00 898.00 25.00 23.00 23.00 30.00 898.00 26.00 23.00 1.00 0.00 0.00 0.00 0.00 0.00 0.00 0.00 0.00 0.00 0.00 0.00 0.00 0.00 0.00 0.00 0.00 25.00 29.00 893.00 27.00 24.00 17.00 22.00 915.00 39.00 50.00 896.00 30.00 59.00 26.00 900.00 20.00 21.00 4.00 26.00 29.00 902.00 20.00 25.00 0.00 1.00 0.00 0.00 0.00 0.00 1.00 
25.00 23.00 915.00 17.00 19.00 1.00 0.00 17.00 20.00 926.00 13.00 21.00 1.00 1.00 0.00 0.00 1.00 23.00 20.00 902.00 29.00 25.00 21.00 21.00 909.00 26.00 22.00 28.00 27.00 902.00 24.00 19.00 0.00 1.00 0.00 0.00 0.00 0.00 0.00 0.00 0.00 0.00 0.00 0.00 0.00 0.00 0.00 0.00 1.00 19.00 17.00 921.00 19.00 27.00 22.00 21.00 891.00 54.00 56.00 899.00 29.00 47.00 24.00 896.00 18.00 34.00 4.00 19.00 20.00 905.00 28.00 29.00 0.00 0.00 0.00 0.00 0.00 0.00 1.00 
33.00 26.00 894.00 22.00 25.00 1.00 1.00 29.00 17.00 893.00 27.00 30.00 2.00 0.00 0.00 0.00 0.00 25.00 17.00 915.00 30.00 14.00 29.00 21.00 891.00 34.00 26.00 25.00 23.00 894.00 23.00 31.00 2.00 0.00 0.00 0.00 0.00 0.00 0.00 0.00 0.00 0.00 0.00 0.00 0.00 0.00 0.00 0.00 4.00 19.00 34.00 890.00 29.00 24.00 22.00 30.00 904.00 42.00 43.00 917.00 26.00 42.00 28.00 909.00 21.00 15.00 1.00 29.00 21.00 898.00 23.00 29.00 0.00 0.00 0.00 0.00 0.00 0.00 0.00 
18.00 23.00 909.00 25.00 22.00 2.00 3.00 40.00 17.00 893.00 26.00 20.00 1.00 0.00 0.00 0.00 0.00 22.00 23.00 895.00 36.00 25.00 31.00 23.00 911.00 17.00 20.00 28.00 19.00 913.00 18.00 18.00 1.00 0.00 0.00 0.00 0.00 0.00 0.00 0.00 0.00 0.00 0.00 0.00 0.00 0.00 0.00 1.00 3.00 28.00 23.00 882.00 36.00 25.00 23.00 26.00 899.00 42.00 54.00 910.00 24.00 47.00 32.00 903.00 18.00 23.00 0.00 25.00 27.00 904.00 23.00 21.00 1.00 0.00 0.00 0.00 0.00 0.00 1.00 
30.00 18.00 906.00 20.00 20.00 1.00 4.00 17.00 18.00 920.00 22.00 18.00 1.00 2.00 0.00 1.00 2.00 22.00 28.00 893.00 32.00 24.00 32.00 19.00 901.00 27.00 19.00 25.00 23.00 907.00 22.00 22.00 1.00 0.00 0.00 0.00 0.00 0.00 0.00 0.00 0.00 0.00 0.00 0.00 0.00 0.00 1.00 2.00 1.00 30.00 19.00 892.00 25.00 27.00 31.00 30.00 898.00 41.00 53.00 885.00 34.00 50.00 39.00 884.00 28.00 29.00 3.00 32.00 17.00 907.00 23.00 18.00 1.00 0.00 0.00 0.00 0.00 0.00 3.00 
31.00 20.00 893.00 30.00 24.00 2.00 0.00 26.00 30.00 895.00 26.00 23.00 0.00 0.00 0.00 0.00 0.00 30.00 24.00 889.00 22.00 35.00 17.00 17.00 906.00 38.00 22.00 29.00 25.00 909.00 17.00 19.00 0.00 1.00 0.00 0.00 0.00 0.00 0.00 0.00 0.00 0.00 0.00 0.00 0.00 0.00 0.00 0.00 1.00 22.00 37.00 893.00 28.00 18.00 22.00 28.00 893.00 61.00 37.00 915.00 23.00 43.00 19.00 905.00 27.00 26.00 2.00 24.00 28.00 890.00 28.00 29.00 0.00 1.00 0.00 0.00 0.00 0.00 0.00 
23.00 22.00 901.00 26.00 24.00 1.00 3.00 20.00 32.00 898.00 23.00 23.00 2.00 0.00 0.00 0.00 1.00 31.00 30.00 889.00 25.00 26.00 20.00 21.00 898.00 30.00 28.00 18.00 23.00 916.00 17.00 24.00 0.00 2.00 1.00 0.00 0.00 0.00 0.00 0.00 0.00 0.00 0.00 0.00 0.00 0.00 0.00 0.00 2.00 26.00 35.00 895.00 26.00 19.00 29.00 24.00 899.00 41.00 58.00 904.00 22.00 39.00 16.00 903.00 26.00 32.00 4.00 33.00 28.00 894.00 17.00 26.00 1.00 1.00 0.00 0.00 0.00 0.00 2.00 
20.00 20.00 900.00 26.00 29.00 3.00 1.00 25.00 14.00 888.00 38.00 30.00 2.00 1.00 0.00 0.00 1.00 24.00 30.00 896.00 27.00 19.00 19.00 26.00 913.00 20.00 26.00 20.00 21.00 903.00 30.00 20.00 2.00 3.00 0.00 0.00 0.00 0.00 0.00 0.00 0.00 0.00 0.00 0.00 0.00 0.00 0.00 0.00 1.00 26.00 21.00 915.00 18.00 18.00 27.00 22.00 923.00 37.00 33.00 916.00 24.00 42.00 26.00 810.00 110.00 28.00 4.00 17.00 20.00 905.00 25.00 29.00 1.00 2.00 0.00 0.00 0.00 2.00 1.00 
23.00 32.00 888.00 25.00 27.00 2.00 3.00 27.00 19.00 906.00 29.00 17.00 1.00 0.00 0.00 1.00 0.00 25.00 24.00 901.00 23.00 26.00 22.00 21.00 906.00 30.00 18.00 27.00 29.00 905.00 18.00 20.00 3.00 1.00 0.00 0.00 0.00 0.00 0.00 0.00 0.00 0.00 0.00 0.00 0.00 0.00 0.00 0.00 0.00 16.00 22.00 905.00 35.00 32.00 315.00 30.00 625.00 14.00 33.00 142.00 785.00 23.00 42.00 29.00 898.00 22.00 31.00 24.00 22.00 905.00 29.00 19.00 2.00 0.00 0.00 0.00 0.00 0.00 1.00 
21.00 20.00 897.00 27.00 31.00 2.00 4.00 32.00 20.00 894.00 25.00 24.00 1.00 0.00 0.00 0.00 3.00 32.00 23.00 881.00 32.00 28.00 23.00 31.00 889.00 31.00 26.00 23.00 54.00 874.00 24.00 24.00 1.00 1.00 0.00 0.00 0.00 0.00 0.00 0.00 0.00 0.00 0.00 0.00 0.00 0.00 0.00 0.00 1.00 23.00 20.00 907.00 42.00 56.00 913.00 18.00 22.00 7.00 32.00 150.00 769.00 26.00 47.00 26.00 894.00 30.00 18.00 28.00 22.00 880.00 34.00 34.00 1.00 0.00 0.00 0.00 0.00 1.00 1.00 
24.00 23.00 901.00 34.00 17.00 2.00 0.00 16.00 22.00 910.00 29.00 20.00 0.00 1.00 0.00 0.00 0.00 29.00 21.00 907.00 18.00 25.00 23.00 21.00 904.00 23.00 47.00 27.00 916.00 20.00 17.00 1.00 1.00 0.00 0.00 0.00 0.00 0.00 0.00 0.00 0.00 0.00 0.00 0.00 0.00 0.00 0.00 1.00 4.00 23.00 29.00 899.00 53.00 45.00 904.00 13.00 26.00 25.00 21.00 906.00 25.00 25.00 34.00 27.00 887.00 32.00 21.00 25.00 31.00 896.00 27.00 20.00 0.00 1.00 0.00 0.00 0.00 0.00 1.00 
24.00 27.00 906.00 19.00 18.00 2.00 1.00 21.00 17.00 916.00 24.00 19.00 0.00 2.00 0.00 1.00 0.00 18.00 24.00 905.00 28.00 24.00 27.00 23.00 903.00 25.00 55.00 15.00 896.00 22.00 31.00 3.00 0.00 0.00 0.00 0.00 0.00 0.00 0.00 0.00 0.00 0.00 0.00 0.00 0.00 0.00 1.00 2.00 6.00 20.00 340.00 586.00 58.00 36.00 902.00 29.00 21.00 14.00 28.00 899.00 26.00 24.00 23.00 17.00 920.00 30.00 21.00 20.00 33.00 885.00 26.00 31.00 2.00 0.00 0.00 0.00 0.00 1.00 3.00 
32.00 26.00 897.00 17.00 20.00 1.00 5.00 27.00 19.00 892.00 35.00 25.00 0.00 0.00 0.00 2.00 1.00 27.00 17.00 903.00 25.00 23.00 30.00 32.00 903.00 21.00 40.00 32.00 901.00 14.00 29.00 0.00 0.00 0.00 0.00 0.00 0.00 0.00 0.00 0.00 0.00 0.00 0.00 0.00 0.00 0.00 0.00 2.00 27.00 21.00 896.00 25.00 49.00 30.00 909.00 17.00 24.00 9.00 27.00 915.00 25.00 25.00 19.00 24.00 911.00 25.00 23.00 30.00 34.00 885.00 24.00 22.00 1.00 1.00 0.00 0.00 0.00 2.00 2.00 
22.00 22.00 912.00 16.00 23.00 4.00 3.00 23.00 24.00 900.00 21.00 26.00 0.00 2.00 0.00 0.00 3.00 19.00 20.00 898.00 27.00 28.00 28.00 26.00 904.00 29.00 44.00 30.00 894.00 22.00 28.00 0.00 0.00 0.00 0.00 0.00 0.00 0.00 0.00 0.00 0.00 0.00 0.00 0.00 0.00 0.00 2.00 0.00 21.00 29.00 910.00 22.00 50.00 27.00 884.00 21.00 29.00 20.00 26.00 916.00 17.00 27.00 28.00 32.00 880.00 24.00 37.00 33.00 18.00 896.00 25.00 24.00 2.00 0.00 0.00 0.00 0.00 1.00 1.00 
22.00 24.00 888.00 35.00 27.00 1.00 3.00 26.00 24.00 901.00 19.00 24.00 3.00 1.00 0.00 3.00 2.00 18.00 18.00 910.00 27.00 22.00 25.00 28.00 900.00 20.00 50.00 27.00 899.00 18.00 31.00 1.00 1.00 0.00 0.00 0.00 0.00 0.00 0.00 0.00 0.00 0.00 0.00 0.00 0.00 0.00 1.00 0.00 22.00 14.00 919.00 22.00 41.00 32.00 900.00 25.00 30.00 22.00 23.00 912.00 15.00 23.00 25.00 19.00 899.00 31.00 24.00 23.00 27.00 909.00 22.00 20.00 0.00 0.00 0.00 0.00 0.00 0.00 2.00 
22.00 25.00 905.00 23.00 21.00 0.00 2.00 17.00 25.00 904.00 33.00 19.00 2.00 0.00 0.00 0.00 1.00 22.00 21.00 912.00 25.00 18.00 20.00 27.00 905.00 30.00 48.00 27.00 899.00 29.00 16.00 0.00 0.00 0.00 0.00 0.00 0.00 0.00 0.00 0.00 0.00 0.00 0.00 0.00 0.00 0.00 1.00 0.00 20.00 22.00 905.00 25.00 47.00 27.00 917.00 23.00 16.00 27.00 21.00 908.00 16.00 23.00 22.00 25.00 911.00 29.00 17.00 22.00 24.00 907.00 23.00 22.00 0.00 0.00 0.00 0.00 0.00 0.00 2.00 
17.00 23.00 907.00 27.00 24.00 2.00 1.00 23.00 18.00 921.00 18.00 19.00 0.00 0.00 0.00 1.00 2.00 20.00 31.00 888.00 29.00 27.00 13.00 20.00 459.00 467.00 59.00 29.00 906.00 26.00 21.00 2.00 0.00 0.00 0.00 0.00 0.00 0.00 0.00 0.00 0.00 0.00 0.00 0.00 0.00 0.00 1.00 2.00 23.00 24.00 905.00 19.00 37.00 27.00 910.00 27.00 25.00 24.00 22.00 910.00 29.00 13.00 23.00 19.00 915.00 25.00 22.00 26.00 31.00 891.00 27.00 20.00 3.00 0.00 0.00 0.00 0.00 0.00 0.00 
17.00 17.00 913.00 28.00 23.00 2.00 2.00 23.00 32.00 892.00 26.00 23.00 1.00 0.00 0.00 0.00 4.00 20.00 24.00 909.00 19.00 22.00 1.00 21.00 28.00 908.00 49.00 40.00 908.00 21.00 25.00 0.00 1.00 0.00 0.00 0.00 0.00 0.00 0.00 0.00 0.00 0.00 0.00 0.00 0.00 0.00 1.00 1.00 19.00 31.00 898.00 26.00 47.00 22.00 889.00 35.00 31.00 30.00 17.00 905.00 26.00 23.00 13.00 22.00 921.00 22.00 20.00 26.00 27.00 889.00 24.00 30.00 4.00 0.00 1.00 0.00 0.00 0.00 1.00 
21.00 26.00 906.00 20.00 25.00 0.00 0.00 14.00 28.00 902.00 34.00 20.00 2.00 0.00 0.00 0.00 1.00 22.00 33.00 905.00 19.00 39.00 20.00 709.00 28.00 209.00 21.00 37.00 522.00 400.00 27.00 8.00 0.00 0.00 0.00 0.00 0.00 0.00 0.00 0.00 0.00 0.00 0.00 0.00 0.00 0.00 0.00 5.00 21.00 18.00 907.00 23.00 65.00 23.00 888.00 31.00 17.00 23.00 27.00 904.00 27.00 22.00 20.00 28.00 902.00 27.00 23.00 28.00 22.00 903.00 26.00 19.00 0.00 1.00 0.00 0.00 0.00 0.00 2.00 
25.00 26.00 895.00 26.00 21.00 3.00 3.00 24.00 29.00 898.00 21.00 25.00 0.00 0.00 0.00 0.00 0.00 6.00 26.00 119.00 794.00 44.00 53.00 845.00 21.00 85.00 6.00 28.00 22.00 894.00 27.00 27.00 2.00 1.00 0.00 0.00 0.00 0.00 0.00 0.00 0.00 0.00 0.00 0.00 0.00 0.00 1.00 0.00 26.00 28.00 898.00 27.00 31.00 25.00 920.00 21.00 21.00 28.00 31.00 891.00 29.00 24.00 28.00 27.00 894.00 20.00 28.00 20.00 24.00 895.00 28.00 32.00 2.00 1.00 0.00 0.00 0.00 1.00 3.00 
28.00 19.00 915.00 11.00 25.00 1.00 2.00 22.00 21.00 906.00 26.00 22.00 0.00 1.00 0.00 0.00 0.00 0.00 19.00 14.00 910.00 29.00 24.00 24.00 25.00 897.00 27.00 54.00 18.00 909.00 22.00 26.00 0.00 2.00 0.00 0.00 0.00 0.00 0.00 0.00 0.00 0.00 0.00 0.00 0.00 0.00 1.00 0.00 18.00 21.00 898.00 26.00 40.00 20.00 657.00 22.00 278.00 36.00 30.00 898.00 27.00 28.00 19.00 28.00 898.00 27.00 29.00 29.00 29.00 895.00 21.00 25.00 0.00 0.00 0.00 0.00 0.00 0.00 1.00 
28.00 22.00 903.00 19.00 25.00 2.00 1.00 21.00 26.00 908.00 27.00 17.00 0.00 0.00 0.00 0.00 0.00 0.00 25.00 20.00 905.00 27.00 26.00 26.00 20.00 907.00 22.00 43.00 30.00 903.00 24.00 21.00 1.00 0.00 0.00 0.00 0.00 0.00 0.00 0.00 0.00 0.00 0.00 0.00 0.00 0.00 1.00 0.00 28.00 19.00 901.00 28.00 22.00 3.00 20.00 21.00 906.00 56.00 45.00 814.00 113.00 23.00 29.00 26.00 893.00 23.00 29.00 22.00 26.00 915.00 15.00 22.00 0.00 0.00 0.00 0.00 0.00 0.00 1.00 
29.00 22.00 894.00 26.00 23.00 2.00 3.00 25.00 24.00 895.00 25.00 27.00 0.00 1.00 0.00 1.00 0.00 2.00 18.00 19.00 910.00 25.00 25.00 14.00 18.00 918.00 32.00 42.00 23.00 909.00 15.00 27.00 0.00 2.00 0.00 0.00 0.00 0.00 0.00 0.00 0.00 0.00 0.00 0.00 0.00 0.00 0.00 0.00 18.00 26.00 904.00 30.00 22.00 1.00 29.00 14.00 917.00 19.00 41.00 29.00 902.00 20.00 50.00 32.00 906.00 24.00 18.00 25.00 27.00 888.00 27.00 30.00 0.00 1.00 0.00 0.00 0.00 1.00 3.00 
27.00 21.00 896.00 28.00 26.00 1.00 3.00 22.00 25.00 908.00 22.00 20.00 0.00 0.00 0.00 0.00 1.00 2.00 24.00 24.00 890.00 34.00 24.00 28.00 21.00 903.00 25.00 50.00 29.00 903.00 17.00 23.00 2.00 0.00 0.00 0.00 0.00 0.00 0.00 0.00 0.00 0.00 0.00 0.00 0.00 0.00 0.00 0.00 21.00 17.00 916.00 22.00 20.00 3.00 18.00 23.00 910.00 27.00 40.00 26.00 908.00 21.00 35.00 16.00 359.00 574.00 23.00 37.00 19.00 915.00 22.00 26.00 1.00 1.00 0.00 0.00 0.00 0.00 1.00 
33.00 20.00 899.00 24.00 20.00 3.00 1.00 20.00 20.00 903.00 26.00 27.00 0.00 3.00 0.00 0.00 0.00 3.00 17.00 19.00 915.00 25.00 21.00 27.00 22.00 895.00 26.00 55.00 25.00 896.00 26.00 25.00 3.00 0.00 0.00 0.00 0.00 0.00 0.00 0.00 0.00 0.00 0.00 0.00 0.00 0.00 0.00 1.00 18.00 21.00 909.00 27.00 24.00 2.00 19.00 28.00 906.00 30.00 39.00 19.00 910.00 24.00 25.00 22.00 23.00 917.00 16.00 41.00 23.00 905.00 26.00 25.00 0.00 0.00 0.00 0.00 0.00 1.00 0.00 
25.00 28.00 908.00 21.00 17.00 0.00 0.00 18.00 25.00 902.00 23.00 30.00 2.00 0.00 0.00 0.00 0.00 1.00 27.00 23.00 905.00 27.00 20.00 28.00 25.00 904.00 14.00 42.00 16.00 909.00 32.00 26.00 0.00 1.00 0.00 0.00 0.00 0.00 0.00 0.00 0.00 0.00 0.00 0.00 0.00 1.00 1.00 4.00 25.00 23.00 901.00 19.00 24.00 2.00 28.00 27.00 890.00 28.00 53.00 26.00 893.00 28.00 29.00 28.00 19.00 909.00 19.00 38.00 25.00 600.00 328.00 19.00 11.00 1.00 1.00 0.00 0.00 0.00 1.00 
26.00 25.00 902.00 14.00 26.00 4.00 3.00 28.00 24.00 895.00 30.00 17.00 3.00 1.00 0.00 0.00 0.00 2.00 20.00 26.00 910.00 22.00 26.00 16.00 182.00 748.00 28.00 45.00 31.00 888.00 29.00 22.00 3.00 2.00 0.00 0.00 0.00 0.00 0.00 0.00 0.00 0.00 0.00 0.00 0.00 0.00 0.00 1.00 26.00 19.00 901.00 34.00 20.00 2.00 27.00 24.00 895.00 27.00 41.00 20.00 928.00 21.00 15.00 21.00 24.00 910.00 27.00 16.00 33.00 33.00 887.00 21.00 24.00 2.00 1.00 0.00 0.00 0.00 2.00 
22.00 26.00 906.00 24.00 21.00 0.00 2.00 27.00 20.00 905.00 25.00 19.00 2.00 0.00 0.00 0.00 9.00 6.00 280.00 29.00 638.00 19.00 31.00 29.00 900.00 32.00 24.00 27.00 23.00 897.00 31.00 19.00 2.00 2.00 1.00 0.00 1.00 0.00 0.00 0.00 0.00 0.00 0.00 0.00 0.00 0.00 0.00 2.00 25.00 19.00 900.00 28.00 20.00 5.00 23.00 22.00 906.00 49.00 45.00 846.00 76.00 30.00 5.00 26.00 22.00 891.00 33.00 24.00 22.00 26.00 905.00 23.00 24.00 1.00 2.00 0.00 0.00 0.00 1.00 
20.00 24.00 910.00 23.00 21.00 1.00 1.00 24.00 23.00 898.00 29.00 23.00 2.00 1.00 0.00 0.00 25.00 28.00 908.00 20.00 19.00 1.00 28.00 22.00 904.00 16.00 27.00 28.00 29.00 897.00 29.00 19.00 0.00 0.00 0.00 0.00 0.00 0.00 0.00 0.00 0.00 0.00 0.00 0.00 0.00 0.00 1.00 3.00 17.00 18.00 901.00 33.00 23.00 3.00 14.00 26.00 912.00 46.00 41.00 719.00 18.00 217.00 4.00 31.00 22.00 907.00 23.00 21.00 14.00 25.00 908.00 22.00 31.00 0.00 0.00 0.00 0.00 0.00 0.00 
24.00 29.00 896.00 32.00 12.00 4.00 2.00 29.00 23.00 902.00 25.00 18.00 0.00 0.00 0.00 2.00 24.00 27.00 904.00 17.00 26.00 1.00 26.00 18.00 916.00 21.00 22.00 27.00 29.00 895.00 24.00 21.00 0.00 0.00 0.00 0.00 0.00 0.00 0.00 0.00 0.00 0.00 0.00 0.00 0.00 0.00 1.00 0.00 28.00 28.00 906.00 23.00 14.00 1.00 21.00 27.00 897.00 29.00 29.00 27.00 27.00 890.00 21.00 59.00 30.00 905.00 15.00 23.00 24.00 35.00 899.00 20.00 21.00 0.00 0.00 0.00 0.00 3.00 1.00 
21.00 23.00 898.00 28.00 23.00 3.00 2.00 29.00 15.00 904.00 18.00 28.00 1.00 2.00 0.00 1.00 17.00 28.00 896.00 24.00 31.00 3.00 26.00 28.00 896.00 25.00 26.00 23.00 28.00 893.00 20.00 35.00 0.00 0.00 0.00 0.00 0.00 0.00 0.00 0.00 0.00 0.00 0.00 0.00 0.00 0.00 0.00 0.00 30.00 23.00 898.00 18.00 28.00 5.00 29.00 32.00 881.00 31.00 25.00 28.00 19.00 916.00 21.00 45.00 26.00 890.00 29.00 26.00 29.00 30.00 885.00 32.00 22.00 2.00 0.00 0.00 0.00 2.00 3.00 
31.00 27.00 885.00 20.00 30.00 1.00 5.00 26.00 26.00 893.00 30.00 21.00 1.00 1.00 0.00 1.00 22.00 17.00 901.00 29.00 29.00 1.00 41.00 20.00 872.00 25.00 44.00 30.00 20.00 910.00 14.00 22.00 1.00 0.00 0.00 0.00 0.00 0.00 0.00 0.00 0.00 0.00 0.00 0.00 0.00 0.00 0.00 0.00 17.00 22.00 909.00 27.00 20.00 3.00 18.00 25.00 913.00 21.00 24.00 16.00 22.00 911.00 23.00 43.00 27.00 912.00 16.00 31.00 29.00 36.00 889.00 20.00 21.00 3.00 2.00 0.00 0.00 1.00 3.00 
22.00 20.00 908.00 27.00 19.00 3.00 3.00 19.00 20.00 909.00 23.00 23.00 1.00 0.00 4.00 2.00 23.00 21.00 880.00 31.00 36.00 4.00 2.00 3.00 22.00 34.00 893.00 54.00 638.00 311.00 31.00 10.00 1.00 1.00 0.00 0.00 0.00 0.00 0.00 0.00 0.00 0.00 0.00 0.00 0.00 0.00 0.00 0.00 23.00 24.00 898.00 26.00 28.00 2.00 16.00 22.00 914.00 24.00 22.00 20.00 29.00 900.00 29.00 43.00 16.00 920.00 22.00 23.00 29.00 26.00 884.00 35.00 22.00 3.00 0.00 0.00 0.00 1.00 1.00 
30.00 19.00 900.00 22.00 23.00 1.00 2.00 21.00 18.00 904.00 24.00 31.00 2.00 0.00 0.00 0.00 33.00 32.00 879.00 20.00 33.00 1.00 8.00 7.00 292.00 18.00 661.00 37.00 927.00 29.00 20.00 2.00 1.00 0.00 0.00 0.00 0.00 0.00 0.00 0.00 0.00 0.00 0.00 0.00 0.00 0.00 1.00 1.00 27.00 25.00 888.00 25.00 29.00 2.00 29.00 24.00 901.00 29.00 21.00 27.00 31.00 894.00 36.00 39.00 295.00 629.00 26.00 18.00 29.00 24.00 905.00 23.00 22.00 0.00 0.00 0.00 0.00 1.00 2.00 
36.00 32.00 881.00 18.00 29.00 2.00 0.00 25.00 17.00 905.00 23.00 26.00 1.00 1.00 0.00 2.00 21.00 20.00 918.00 23.00 19.00 1.00 25.00 23.00 909.00 24.00 19.00 22.00 61.00 866.00 28.00 19.00 2.00 0.00 0.00 0.00 0.00 0.00 0.00 0.00 0.00 0.00 0.00 0.00 0.00 0.00 0.00 1.00 23.00 22.00 915.00 22.00 18.00 1.00 22.00 20.00 914.00 18.00 26.00 22.00 29.00 898.00 40.00 47.00 914.00 23.00 26.00 1.00 22.00 28.00 908.00 20.00 20.00 0.00 0.00 0.00 0.00 0.00 2.00 
21.00 18.00 914.00 22.00 20.00 0.00 3.00 25.00 23.00 898.00 30.00 22.00 1.00 0.00 0.00 0.00 24.00 18.00 910.00 23.00 23.00 2.00 21.00 29.00 907.00 23.00 21.00 20.00 23.00 919.00 18.00 18.00 0.00 1.00 0.00 0.00 0.00 0.00 0.00 0.00 0.00 0.00 0.00 0.00 0.00 0.00 0.00 2.00 16.00 20.00 916.00 18.00 29.00 2.00 20.00 35.00 892.00 24.00 35.00 26.00 323.00 604.00 51.00 32.00 895.00 26.00 31.00 3.00 31.00 18.00 905.00 24.00 22.00 0.00 0.00 0.00 0.00 2.00 1.00 
24.00 15.00 923.00 19.00 16.00 2.00 3.00 34.00 23.00 887.00 23.00 28.00 0.00 2.00 0.00 1.00 22.00 17.00 902.00 31.00 28.00 3.00 26.00 14.00 907.00 29.00 19.00 21.00 21.00 903.00 24.00 27.00 2.00 2.00 1.00 0.00 0.00 0.00 0.00 0.00 0.00 0.00 0.00 0.00 0.00 0.00 0.00 3.00 13.00 23.00 906.00 24.00 29.00 21.00 17.00 752.00 183.00 30.00 26.00 26.00 903.00 24.00 42.00 26.00 899.00 25.00 28.00 1.00 20.00 18.00 917.00 21.00 21.00 2.00 0.00 0.00 0.00 0.00 1.00 
19.00 25.00 910.00 20.00 24.00 1.00 0.00 21.00 28.00 898.00 26.00 22.00 2.00 2.00 0.00 4.00 25.00 19.00 904.00 24.00 22.00 3.00 14.00 27.00 903.00 26.00 29.00 26.00 19.00 916.00 24.00 15.00 0.00 0.00 0.00 0.00 0.00 0.00 0.00 0.00 0.00 0.00 0.00 0.00 0.00 0.00 0.00 0.00 19.00 23.00 912.00 22.00 25.00 22.00 25.00 905.00 21.00 42.00 30.00 561.00 363.00 25.00 13.00 31.00 148.00 776.00 18.00 20.00 24.00 20.00 909.00 25.00 19.00 2.00 0.00 0.00 0.00 0.00 2.00 
36.00 18.00 890.00 27.00 22.00 1.00 2.00 20.00 26.00 906.00 21.00 25.00 0.00 1.00 0.00 2.00 22.00 26.00 897.00 25.00 26.00 1.00 27.00 19.00 915.00 23.00 16.00 20.00 16.00 920.00 24.00 17.00 3.00 0.00 0.00 0.00 0.00 0.00 0.00 0.00 0.00 0.00 0.00 0.00 0.00 0.00 1.00 2.00 23.00 21.00 904.00 21.00 25.00 27.00 24.00 897.00 22.00 51.00 31.00 897.00 30.00 21.00 6.00 23.00 22.00 895.00 29.00 26.00 21.00 14.00 914.00 26.00 26.00 0.00 1.00 0.00 0.00 4.00 2.00 
22.00 24.00 888.00 39.00 25.00 1.00 3.00 23.00 31.00 890.00 34.00 19.00 0.00 0.00 0.00 1.00 11.00 23.00 924.00 20.00 20.00 1.00 26.00 25.00 902.00 25.00 24.00 27.00 23.00 901.00 22.00 23.00 0.00 1.00 1.00 0.00 0.00 0.00 0.00 0.00 0.00 0.00 0.00 0.00 0.00 0.00 0.00 0.00 24.00 19.00 909.00 29.00 24.00 17.00 24.00 900.00 28.00 41.00 26.00 911.00 28.00 18.00 2.00 22.00 21.00 916.00 19.00 25.00 19.00 19.00 909.00 19.00 30.00 1.00 0.00 0.00 0.00 1.00 0.00 
17.00 25.00 899.00 27.00 27.00 0.00 4.00 19.00 28.00 889.00 31.00 29.00 1.00 1.00 0.00 3.00 21.00 30.00 900.00 26.00 20.00 0.00 22.00 29.00 913.00 20.00 16.00 19.00 27.00 906.00 27.00 20.00 1.00 0.00 0.00 0.00 0.00 0.00 0.00 0.00 0.00 0.00 0.00 0.00 0.00 1.00 0.00 2.00 19.00 27.00 895.00 30.00 23.00 30.00 26.00 910.00 19.00 43.00 22.00 901.00 29.00 22.00 5.00 32.00 23.00 903.00 24.00 14.00 24.00 36.00 894.00 25.00 20.00 1.00 0.00 0.00 1.00 1.00 1.00 
24.00 23.00 902.00 29.00 19.00 0.00 4.00 24.00 20.00 909.00 26.00 17.00 1.00 1.00 0.00 3.00 29.00 30.00 879.00 34.00 24.00 1.00 26.00 25.00 908.00 23.00 22.00 24.00 21.00 907.00 15.00 27.00 1.00 1.00 0.00 0.00 0.00 0.00 0.00 0.00 0.00 0.00 0.00 0.00 0.00 0.00 0.00 0.00 19.00 17.00 918.00 24.00 24.00 16.00 22.00 898.00 30.00 54.00 21.00 908.00 25.00 24.00 1.00 21.00 26.00 899.00 27.00 24.00 31.00 26.00 905.00 25.00 15.00 0.00 0.00 0.00 0.00 1.00 0.00 
25.00 28.00 903.00 19.00 22.00 2.00 1.00 21.00 27.00 895.00 25.00 28.00 1.00 1.00 0.00 3.00 19.00 24.00 907.00 18.00 27.00 2.00 23.00 20.00 910.00 30.00 20.00 25.00 26.00 896.00 25.00 21.00 3.00 1.00 0.00 0.00 0.00 0.00 0.00 0.00 0.00 0.00 0.00 0.00 0.00 0.00 0.00 3.00 17.00 28.00 909.00 15.00 26.00 16.00 21.00 904.00 26.00 59.00 19.00 913.00 23.00 23.00 2.00 34.00 19.00 873.00 36.00 29.00 30.00 21.00 902.00 27.00 22.00 2.00 1.00 0.00 0.00 0.00 2.00 
21.00 19.00 921.00 16.00 22.00 0.00 4.00 23.00 25.00 899.00 21.00 26.00 1.00 1.00 1.00 0.00 20.00 13.00 923.00 21.00 23.00 1.00 27.00 20.00 909.00 15.00 26.00 22.00 28.00 894.00 26.00 29.00 1.00 1.00 0.00 0.00 0.00 0.00 0.00 0.00 0.00 0.00 0.00 0.00 0.00 0.00 5.00 2.00 35.00 22.00 886.00 25.00 24.00 26.00 24.00 910.00 26.00 48.00 26.00 893.00 25.00 21.00 2.00 31.00 26.00 895.00 22.00 26.00 23.00 21.00 916.00 19.00 19.00 0.00 2.00 0.00 0.00 1.00 0.00 
27.00 30.00 892.00 22.00 25.00 2.00 4.00 20.00 21.00 897.00 32.00 24.00 1.00 0.00 0.00 2.00 23.00 22.00 909.00 22.00 22.00 0.00 30.00 20.00 908.00 22.00 20.00 21.00 31.00 901.00 23.00 24.00 0.00 0.00 0.00 0.00 0.00 0.00 0.00 0.00 0.00 0.00 0.00 0.00 0.00 0.00 0.00 0.00 23.00 20.00 902.00 26.00 27.00 21.00 18.00 906.00 27.00 34.00 20.00 242.00 683.00 24.00 24.00 28.00 29.00 896.00 26.00 26.00 20.00 27.00 911.00 21.00 19.00 0.00 0.00 0.00 0.00 2.00 1.00 
16.00 26.00 903.00 26.00 26.00 0.00 4.00 29.00 26.00 892.00 22.00 26.00 2.00 0.00 0.00 1.00 28.00 25.00 896.00 21.00 30.00 1.00 25.00 23.00 900.00 20.00 30.00 21.00 38.00 883.00 23.00 33.00 0.00 2.00 0.00 0.00 0.00 0.00 0.00 0.00 0.00 0.00 0.00 0.00 0.00 0.00 1.00 0.00 23.00 22.00 903.00 27.00 22.00 25.00 27.00 890.00 34.00 27.00 28.00 26.00 897.00 23.00 24.00 21.00 27.00 907.00 23.00 23.00 21.00 24.00 903.00 22.00 28.00 1.00 1.00 0.00 0.00 0.00 2.00 
32.00 22.00 892.00 30.00 18.00 3.00 2.00 24.00 24.00 892.00 24.00 34.00 1.00 0.00 1.00 1.00 19.00 17.00 911.00 28.00 20.00 5.00 19.00 16.00 906.00 24.00 32.00 17.00 25.00 918.00 17.00 23.00 0.00 1.00 0.00 0.00 0.00 0.00 0.00 0.00 0.00 0.00 0.00 0.00 0.00 0.00 0.00 0.00 19.00 21.00 924.00 19.00 19.00 20.00 22.00 907.00 26.00 26.00 30.00 26.00 909.00 15.00 21.00 15.00 26.00 913.00 25.00 17.00 23.00 29.00 895.00 19.00 32.00 0.00 1.00 0.00 1.00 1.00 1.00 
20.00 35.00 881.00 33.00 29.00 0.00 1.00 15.00 23.00 910.00 24.00 24.00 2.00 2.00 2.00 2.00 19.00 21.00 917.00 21.00 20.00 2.00 24.00 20.00 912.00 16.00 24.00 25.00 22.00 915.00 19.00 18.00 0.00 1.00 0.00 0.00 0.00 0.00 0.00 0.00 0.00 0.00 0.00 0.00 0.00 1.00 1.00 1.00 26.00 26.00 895.00 23.00 26.00 35.00 31.00 888.00 22.00 25.00 27.00 22.00 903.00 23.00 25.00 26.00 25.00 898.00 24.00 25.00 25.00 24.00 904.00 27.00 18.00 1.00 3.00 0.00 0.00 0.00 1.00 
25.00 23.00 904.00 22.00 22.00 3.00 2.00 15.00 25.00 913.00 22.00 19.00 1.00 2.00 0.00 0.00 20.00 19.00 910.00 31.00 20.00 1.00 20.00 25.00 909.00 24.00 22.00 23.00 20.00 886.00 32.00 30.00 5.00 2.00 0.00 1.00 0.00 0.00 0.00 0.00 0.00 0.00 0.00 0.00 0.00 0.00 0.00 2.00 21.00 30.00 908.00 24.00 15.00 26.00 28.00 900.00 28.00 20.00 27.00 35.00 889.00 25.00 20.00 26.00 26.00 906.00 16.00 27.00 21.00 18.00 912.00 24.00 26.00 0.00 0.00 0.00 0.00 1.00 1.00 
22.00 27.00 891.00 26.00 31.00 0.00 0.00 20.00 20.00 900.00 35.00 23.00 1.00 1.00 0.00 1.00 30.00 27.00 893.00 24.00 24.00 1.00 22.00 29.00 892.00 28.00 26.00 22.00 21.00 910.00 22.00 26.00 1.00 1.00 0.00 0.00 0.00 0.00 0.00 0.00 0.00 0.00 0.00 0.00 0.00 0.00 0.00 2.00 22.00 26.00 902.00 23.00 30.00 21.00 25.00 920.00 15.00 14.00 22.00 24.00 905.00 20.00 27.00 14.00 25.00 921.00 22.00 23.00 22.00 25.00 915.00 17.00 17.00 1.00 0.00 0.00 0.00 3.00 0.00 
25.00 24.00 900.00 20.00 28.00 0.00 1.00 21.00 24.00 910.00 22.00 18.00 1.00 2.00 1.00 4.00 25.00 25.00 883.00 42.00 19.00 4.00 27.00 29.00 904.00 16.00 22.00 25.00 35.00 889.00 23.00 27.00 1.00 0.00 0.00 0.00 0.00 0.00 0.00 0.00 0.00 0.00 0.00 0.00 0.00 0.00 0.00 1.00 24.00 19.00 908.00 26.00 23.00 26.00 31.00 904.00 24.00 22.00 32.00 27.00 894.00 18.00 24.00 22.00 29.00 896.00 32.00 21.00 35.00 27.00 896.00 14.00 22.00 1.00 2.00 0.00 0.00 2.00 1.00 
30.00 19.00 903.00 16.00 28.00 3.00 2.00 23.00 28.00 900.00 26.00 18.00 3.00 0.00 0.00 2.00 30.00 21.00 902.00 25.00 19.00 3.00 29.00 20.00 898.00 26.00 25.00 19.00 22.00 904.00 25.00 27.00 1.00 1.00 0.00 1.00 0.00 0.00 0.00 0.00 0.00 0.00 0.00 0.00 0.00 0.00 0.00 0.00 26.00 28.00 906.00 23.00 17.00 21.00 25.00 901.00 29.00 21.00 20.00 29.00 907.00 24.00 24.00 28.00 21.00 905.00 22.00 18.00 25.00 28.00 904.00 26.00 20.00 1.00 1.00 0.00 0.00 1.00 0.00 
16.00 22.00 908.00 24.00 27.00 2.00 0.00 24.00 30.00 897.00 20.00 26.00 2.00 0.00 0.00 2.00 28.00 17.00 900.00 26.00 27.00 0.00 16.00 25.00 904.00 28.00 27.00 31.00 19.00 908.00 19.00 21.00 1.00 0.00 1.00 0.00 0.00 0.00 0.00 0.00 0.00 0.00 0.00 0.00 0.00 0.00 2.00 2.00 31.00 33.00 888.00 16.00 28.00 32.00 20.00 897.00 27.00 25.00 20.00 24.00 904.00 26.00 26.00 27.00 21.00 899.00 30.00 20.00 23.00 22.00 913.00 24.00 17.00 2.00 1.00 0.00 0.00 0.00 2.00 
13.00 18.00 921.00 24.00 22.00 0.00 1.00 25.00 27.00 895.00 26.00 26.00 1.00 0.00 1.00 0.00 24.00 29.00 895.00 29.00 20.00 4.00 23.00 23.00 899.00 25.00 26.00 32.00 31.00 902.00 15.00 22.00 0.00 0.00 0.00 0.00 0.00 0.00 0.00 0.00 0.00 0.00 0.00 0.00 0.00 0.00 0.00 1.00 20.00 16.00 911.00 21.00 34.00 20.00 18.00 896.00 38.00 24.00 22.00 29.00 906.00 24.00 18.00 28.00 22.00 896.00 27.00 29.00 23.00 30.00 891.00 23.00 29.00 2.00 2.00 0.00 0.00 0.00 1.00 
27.00 22.00 897.00 24.00 24.00 3.00 0.00 27.00 29.00 897.00 23.00 21.00 2.00 0.00 0.00 1.00 20.00 29.00 893.00 28.00 33.00 1.00 28.00 19.00 897.00 31.00 22.00 20.00 19.00 916.00 17.00 23.00 1.00 2.00 0.00 0.00 0.00 0.00 0.00 0.00 0.00 0.00 0.00 0.00 0.00 0.00 0.00 0.00 23.00 18.00 916.00 22.00 17.00 30.00 20.00 903.00 29.00 21.00 23.00 19.00 906.00 27.00 28.00 22.00 24.00 910.00 24.00 16.00 28.00 29.00 898.00 23.00 23.00 1.00 0.00 0.00 0.00 2.00 2.00 
23.00 26.00 897.00 32.00 18.00 2.00 1.00 18.00 38.00 903.00 20.00 20.00 0.00 0.00 0.00 2.00 25.00 32.00 899.00 24.00 21.00 1.00 19.00 19.00 917.00 16.00 25.00 18.00 30.00 899.00 25.00 26.00 0.00 1.00 1.00 0.00 0.00 0.00 0.00 0.00 0.00 0.00 0.00 0.00 0.00 0.00 0.00 1.00 27.00 26.00 898.00 18.00 31.00 27.00 23.00 900.00 23.00 26.00 21.00 19.00 913.00 24.00 26.00 22.00 31.00 895.00 27.00 20.00 25.00 22.00 897.00 36.00 19.00 2.00 1.00 0.00 0.00 0.00 2.00 
23.00 21.00 904.00 27.00 22.00 1.00 1.00 28.00 18.00 905.00 28.00 17.00 1.00 2.00 1.00 0.00 27.00 27.00 899.00 24.00 22.00 3.00 19.00 27.00 910.00 24.00 17.00 18.00 30.00 885.00 29.00 36.00 2.00 0.00 0.00 0.00 0.00 0.00 0.00 0.00 0.00 0.00 0.00 0.00 0.00 0.00 0.00 1.00 19.00 29.00 902.00 23.00 25.00 27.00 20.00 918.00 16.00 22.00 22.00 24.00 900.00 29.00 20.00 25.00 19.00 906.00 19.00 34.00 18.00 29.00 906.00 25.00 21.00 1.00 0.00 0.00 1.00 0.00 1.00 
15.00 21.00 901.00 26.00 33.00 1.00 2.00 16.00 18.00 905.00 27.00 30.00 4.00 0.00 3.00 0.00 21.00 21.00 909.00 21.00 25.00 2.00 18.00 25.00 905.00 28.00 23.00 21.00 24.00 914.00 15.00 23.00 1.00 1.00 0.00 0.00 0.00 0.00 0.00 0.00 0.00 0.00 0.00 0.00 0.00 0.00 0.00 2.00 24.00 16.00 913.00 16.00 30.00 27.00 23.00 902.00 30.00 18.00 16.00 23.00 911.00 25.00 26.00 23.00 26.00 904.00 25.00 22.00 8.00 33.00 902.00 32.00 22.00 1.00 0.00 0.00 0.00 1.00 0.00 
19.00 28.00 920.00 19.00 10.00 3.00 0.00 26.00 19.00 915.00 21.00 17.00 1.00 0.00 0.00 1.00 21.00 20.00 907.00 26.00 23.00 5.00 26.00 28.00 876.00 33.00 32.00 22.00 23.00 909.00 26.00 21.00 1.00 0.00 0.00 0.00 0.00 0.00 0.00 0.00 0.00 0.00 0.00 0.00 0.00 0.00 0.00 0.00 21.00 25.00 904.00 28.00 23.00 28.00 31.00 900.00 20.00 21.00 23.00 25.00 909.00 17.00 24.00 16.00 26.00 902.00 28.00 28.00 8.00 18.00 319.00 603.00 28.00 21.00 3.00 0.00 1.00 1.00 1.00 
21.00 27.00 908.00 26.00 16.00 1.00 1.00 18.00 18.00 916.00 25.00 18.00 2.00 1.00 0.00 4.00 31.00 31.00 892.00 22.00 20.00 18.00 28.00 456.00 464.00 22.00 11.00 25.00 26.00 895.00 29.00 26.00 0.00 0.00 0.00 0.00 0.00 0.00 0.00 0.00 0.00 0.00 0.00 0.00 0.00 0.00 1.00 3.00 21.00 18.00 906.00 27.00 21.00 27.00 20.00 913.00 26.00 17.00 34.00 19.00 902.00 24.00 22.00 34.00 25.00 895.00 22.00 21.00 2.00 18.00 26.00 908.00 24.00 21.00 2.00 1.00 0.00 0.00 2.00 
26.00 24.00 895.00 38.00 15.00 2.00 1.00 22.00 24.00 904.00 21.00 25.00 2.00 0.00 1.00 0.00 15.00 14.00 921.00 31.00 18.00 28.00 23.00 903.00 28.00 19.00 1.00 23.00 23.00 902.00 29.00 15.00 6.00 0.00 0.00 0.00 0.00 0.00 0.00 0.00 0.00 0.00 0.00 0.00 0.00 0.00 0.00 1.00 24.00 25.00 892.00 27.00 30.00 26.00 25.00 905.00 22.00 22.00 34.00 12.00 899.00 31.00 28.00 29.00 30.00 894.00 18.00 27.00 1.00 28.00 22.00 900.00 21.00 25.00 1.00 1.00 0.00 1.00 0.00 
18.00 29.00 918.00 17.00 15.00 2.00 0.00 31.00 21.00 891.00 23.00 29.00 1.00 3.00 1.00 0.00 23.00 22.00 912.00 20.00 25.00 22.00 25.00 901.00 24.00 26.00 0.00 30.00 26.00 888.00 20.00 32.00 1.00 2.00 0.00 0.00 0.00 0.00 0.00 0.00 0.00 0.00 0.00 0.00 0.00 0.00 0.00 1.00 26.00 14.00 904.00 27.00 27.00 21.00 24.00 906.00 25.00 27.00 25.00 29.00 898.00 22.00 23.00 32.00 21.00 905.00 26.00 17.00 2.00 23.00 18.00 908.00 18.00 29.00 1.00 1.00 0.00 1.00 1.00 
20.00 33.00 902.00 19.00 21.00 3.00 1.00 16.00 24.00 911.00 18.00 27.00 3.00 0.00 0.00 1.00 32.00 22.00 892.00 35.00 20.00 25.00 24.00 901.00 28.00 19.00 2.00 21.00 30.00 894.00 29.00 23.00 1.00 1.00 0.00 0.00 0.00 0.00 0.00 0.00 0.00 0.00 0.00 0.00 0.00 0.00 0.00 0.00 23.00 26.00 905.00 22.00 27.00 21.00 27.00 895.00 23.00 28.00 26.00 19.00 920.00 25.00 13.00 18.00 39.00 908.00 19.00 15.00 3.00 23.00 31.00 906.00 16.00 18.00 1.00 2.00 1.00 0.00 2.00 
19.00 19.00 914.00 26.00 22.00 0.00 1.00 39.00 25.00 891.00 23.00 20.00 1.00 0.00 2.00 1.00 21.00 25.00 899.00 27.00 26.00 26.00 23.00 907.00 20.00 21.00 3.00 25.00 20.00 906.00 30.00 14.00 3.00 1.00 0.00 0.00 0.00 0.00 0.00 0.00 0.00 0.00 0.00 0.00 0.00 0.00 0.00 2.00 19.00 37.00 900.00 22.00 21.00 23.00 33.00 902.00 23.00 18.00 18.00 36.00 900.00 26.00 23.00 18.00 19.00 905.00 28.00 26.00 2.00 16.00 23.00 906.00 32.00 17.00 4.00 1.00 0.00 0.00 0.00 
17.00 26.00 905.00 27.00 21.00 1.00 0.00 15.00 27.00 904.00 28.00 23.00 2.00 1.00 1.00 2.00 17.00 32.00 893.00 28.00 27.00 30.00 16.00 900.00 24.00 29.00 1.00 36.00 16.00 893.00 24.00 30.00 1.00 0.00 0.00 0.00 0.00 0.00 0.00 0.00 0.00 0.00 0.00 0.00 0.00 0.00 1.00 0.00 21.00 28.00 901.00 27.00 23.00 20.00 31.00 902.00 25.00 25.00 31.00 118.00 804.00 24.00 22.00 25.00 25.00 896.00 23.00 26.00 3.00 16.00 24.00 912.00 22.00 23.00 2.00 1.00 0.00 1.00 1.00 
27.00 30.00 889.00 29.00 21.00 2.00 1.00 26.00 30.00 895.00 25.00 22.00 1.00 0.00 1.00 0.00 25.00 22.00 908.00 22.00 22.00 25.00 28.00 913.00 21.00 13.00 0.00 1.00 2.00 40.00 20.00 894.00 16.00 23.00 2.00 2.00 0.00 0.00 0.00 0.00 0.00 0.00 0.00 0.00 0.00 0.00 2.00 2.00 21.00 22.00 889.00 32.00 28.00 14.00 25.00 398.00 528.00 46.00 32.00 899.00 28.00 33.00 3.00 30.00 21.00 905.00 24.00 16.00 3.00 18.00 24.00 904.00 27.00 25.00 0.00 1.00 1.00 0.00 1.00 
21.00 19.00 917.00 25.00 14.00 1.00 1.00 20.00 25.00 903.00 26.00 23.00 0.00 0.00 1.00 4.00 22.00 23.00 915.00 17.00 16.00 26.00 21.00 909.00 17.00 28.00 1.00 3.00 0.00 22.00 32.00 888.00 20.00 34.00 1.00 0.00 0.00 0.00 0.00 0.00 0.00 0.00 0.00 0.00 0.00 0.00 0.00 1.00 24.00 28.00 898.00 26.00 23.00 4.00 25.00 30.00 894.00 41.00 51.00 560.00 364.00 21.00 11.00 24.00 17.00 909.00 21.00 28.00 3.00 28.00 21.00 903.00 19.00 25.00 0.00 1.00 1.00 0.00 4.00 
16.00 16.00 914.00 25.00 27.00 2.00 0.00 23.00 24.00 911.00 25.00 15.00 1.00 1.00 0.00 2.00 30.00 24.00 889.00 27.00 28.00 21.00 24.00 894.00 29.00 31.00 0.00 2.00 1.00 24.00 30.00 892.00 27.00 22.00 2.00 1.00 0.00 0.00 0.00 0.00 0.00 0.00 0.00 0.00 0.00 0.00 0.00 1.00 28.00 30.00 895.00 22.00 23.00 0.00 30.00 22.00 894.00 29.00 47.00 15.00 916.00 28.00 19.00 14.00 16.00 918.00 21.00 31.00 6.00 38.00 27.00 880.00 24.00 24.00 2.00 0.00 0.00 0.00 0.00 
21.00 25.00 905.00 29.00 18.00 2.00 1.00 24.00 22.00 891.00 29.00 30.00 2.00 0.00 1.00 0.00 20.00 27.00 916.00 22.00 14.00 20.00 27.00 916.00 14.00 21.00 1.00 1.00 0.00 20.00 14.00 919.00 27.00 20.00 0.00 0.00 0.00 0.00 0.00 0.00 0.00 0.00 0.00 0.00 0.00 0.00 2.00 3.00 19.00 24.00 898.00 26.00 30.00 2.00 26.00 28.00 887.00 23.00 51.00 25.00 898.00 29.00 29.00 36.00 24.00 892.00 15.00 33.00 2.00 28.00 29.00 901.00 20.00 20.00 0.00 0.00 0.00 0.00 1.00 
35.00 31.00 881.00 27.00 20.00 2.00 1.00 26.00 29.00 909.00 18.00 15.00 0.00 0.00 1.00 1.00 24.00 27.00 904.00 24.00 21.00 20.00 32.00 901.00 27.00 17.00 1.00 0.00 0.00 15.00 26.00 910.00 24.00 22.00 2.00 1.00 0.00 0.00 0.00 0.00 0.00 0.00 0.00 0.00 0.00 0.00 1.00 2.00 24.00 26.00 896.00 24.00 24.00 4.00 26.00 20.00 912.00 26.00 35.00 31.00 892.00 32.00 24.00 19.00 16.00 906.00 29.00 27.00 6.00 11.00 19.00 910.00 28.00 28.00 1.00 1.00 0.00 4.00 2.00 
26.00 23.00 906.00 23.00 21.00 0.00 2.00 21.00 21.00 906.00 25.00 22.00 2.00 1.00 2.00 0.00 22.00 22.00 898.00 27.00 27.00 35.00 28.00 883.00 26.00 25.00 3.00 2.00 2.00 18.00 31.00 903.00 24.00 19.00 2.00 1.00 0.00 0.00 0.00 0.00 0.00 0.00 0.00 0.00 0.00 0.00 0.00 1.00 25.00 27.00 898.00 17.00 30.00 2.00 26.00 21.00 903.00 30.00 35.00 30.00 905.00 24.00 24.00 31.00 23.00 900.00 24.00 24.00 1.00 29.00 25.00 889.00 26.00 27.00 2.00 1.00 0.00 1.00 0.00 
17.00 32.00 910.00 20.00 20.00 1.00 2.00 17.00 23.00 913.00 20.00 23.00 2.00 0.00 1.00 2.00 25.00 30.00 898.00 20.00 24.00 17.00 18.00 916.00 29.00 20.00 0.00 0.00 3.00 26.00 27.00 906.00 16.00 20.00 1.00 1.00 0.00 0.00 0.00 0.00 0.00 0.00 0.00 0.00 0.00 0.00 0.00 1.00 30.00 34.00 898.00 21.00 16.00 0.00 18.00 29.00 895.00 28.00 52.00 30.00 903.00 26.00 19.00 26.00 26.00 901.00 24.00 23.00 1.00 29.00 21.00 901.00 31.00 17.00 0.00 0.00 0.00 0.00 0.00 
16.00 25.00 896.00 34.00 27.00 3.00 1.00 26.00 18.00 919.00 19.00 15.00 1.00 0.00 0.00 0.00 25.00 19.00 897.00 31.00 25.00 28.00 31.00 903.00 15.00 24.00 0.00 4.00 0.00 29.00 30.00 890.00 27.00 21.00 0.00 1.00 0.00 0.00 0.00 0.00 0.00 0.00 0.00 0.00 0.00 0.00 0.00 2.00 21.00 37.00 888.00 25.00 26.00 0.00 21.00 18.00 918.00 17.00 49.00 21.00 906.00 28.00 23.00 25.00 24.00 902.00 24.00 23.00 1.00 33.00 24.00 898.00 18.00 27.00 1.00 0.00 0.00 0.00 0.00 
19.00 19.00 909.00 26.00 22.00 3.00 3.00 33.00 33.00 874.00 31.00 25.00 1.00 0.00 1.00 2.00 28.00 36.00 872.00 28.00 32.00 25.00 24.00 906.00 28.00 18.00 0.00 0.00 0.00 25.00 30.00 898.00 26.00 18.00 3.00 0.00 0.00 0.00 0.00 0.00 0.00 0.00 0.00 0.00 0.00 0.00 1.00 0.00 23.00 22.00 921.00 19.00 15.00 1.00 21.00 21.00 906.00 26.00 54.00 27.00 890.00 28.00 26.00 24.00 25.00 903.00 26.00 20.00 4.00 25.00 30.00 899.00 17.00 24.00 2.00 0.00 0.00 1.00 1.00 
29.00 22.00 899.00 23.00 24.00 1.00 0.00 27.00 20.00 900.00 21.00 30.00 2.00 0.00 0.00 2.00 23.00 22.00 899.00 22.00 30.00 20.00 26.00 908.00 28.00 19.00 1.00 0.00 0.00 19.00 24.00 915.00 17.00 22.00 1.00 2.00 0.00 0.00 0.00 0.00 0.00 0.00 0.00 0.00 0.00 0.00 1.00 0.00 32.00 27.00 895.00 24.00 20.00 4.00 22.00 30.00 902.00 21.00 45.00 30.00 903.00 21.00 25.00 20.00 22.00 888.00 34.00 31.00 4.00 17.00 20.00 920.00 23.00 19.00 0.00 0.00 0.00 1.00 1.00 
21.00 20.00 915.00 22.00 19.00 1.00 2.00 28.00 26.00 894.00 28.00 23.00 0.00 0.00 0.00 1.00 22.00 20.00 911.00 27.00 21.00 22.00 22.00 889.00 29.00 33.00 3.00 1.00 0.00 22.00 20.00 904.00 23.00 28.00 2.00 0.00 0.00 0.00 0.00 0.00 0.00 0.00 0.00 0.00 0.00 0.00 0.00 1.00 18.00 27.00 901.00 28.00 25.00 10.00 18.00 235.00 681.00 42.00 33.00 29.00 907.00 25.00 22.00 17.00 26.00 904.00 32.00 17.00 4.00 28.00 29.00 892.00 24.00 23.00 1.00 1.00 0.00 0.00 1.00 
31.00 22.00 884.00 29.00 27.00 1.00 2.00 23.00 21.00 901.00 23.00 27.00 2.00 2.00 1.00 1.00 22.00 20.00 914.00 20.00 22.00 15.00 31.00 902.00 30.00 22.00 0.00 0.00 0.00 25.00 16.00 907.00 27.00 22.00 3.00 0.00 0.00 0.00 0.00 0.00 0.00 0.00 0.00 0.00 0.00 0.00 0.00 2.00 25.00 28.00 910.00 14.00 20.00 22.00 25.00 900.00 23.00 32.00 37.00 22.00 892.00 20.00 29.00 22.00 30.00 893.00 31.00 23.00 1.00 22.00 22.00 905.00 21.00 27.00 0.00 3.00 1.00 1.00 2.00 
25.00 24.00 917.00 15.00 17.00 3.00 1.00 23.00 24.00 912.00 22.00 16.00 0.00 1.00 1.00 0.00 19.00 18.00 925.00 22.00 16.00 25.00 20.00 904.00 23.00 25.00 2.00 1.00 1.00 25.00 26.00 895.00 29.00 20.00 3.00 0.00 0.00 0.00 0.00 0.00 0.00 0.00 0.00 0.00 0.00 0.00 0.00 1.00 30.00 19.00 895.00 31.00 26.00 21.00 22.00 922.00 19.00 15.00 23.00 21.00 907.00 24.00 25.00 27.00 24.00 901.00 22.00 25.00 1.00 18.00 18.00 912.00 20.00 30.00 1.00 0.00 0.00 0.00 0.00 
22.00 18.00 911.00 28.00 18.00 3.00 0.00 29.00 17.00 902.00 28.00 23.00 0.00 1.00 0.00 3.00 24.00 23.00 905.00 22.00 24.00 21.00 20.00 916.00 19.00 19.00 3.00 1.00 4.00 26.00 27.00 896.00 19.00 25.00 2.00 1.00 0.00 0.00 0.00 0.00 0.00 0.00 0.00 0.00 0.00 0.00 1.00 1.00 17.00 20.00 900.00 32.00 25.00 26.00 23.00 911.00 21.00 25.00 30.00 28.00 889.00 20.00 29.00 28.00 21.00 910.00 22.00 20.00 2.00 21.00 28.00 884.00 38.00 25.00 2.00 0.00 1.00 0.00 0.00 
26.00 23.00 899.00 24.00 20.00 6.00 3.00 23.00 28.00 903.00 26.00 13.00 2.00 1.00 1.00 1.00 21.00 24.00 897.00 27.00 31.00 24.00 21.00 903.00 21.00 26.00 2.00 1.00 0.00 20.00 22.00 903.00 30.00 23.00 1.00 1.00 0.00 0.00 0.00 0.00 0.00 0.00 0.00 0.00 0.00 0.00 1.00 1.00 26.00 26.00 900.00 26.00 25.00 25.00 26.00 901.00 26.00 15.00 23.00 21.00 915.00 22.00 21.00 30.00 25.00 904.00 21.00 20.00 1.00 21.00 20.00 911.00 16.00 30.00 1.00 0.00 0.00 0.00 3.00 
21.00 24.00 903.00 22.00 24.00 5.00 4.00 22.00 28.00 900.00 25.00 21.00 0.00 0.00 0.00 0.00 25.00 25.00 891.00 34.00 25.00 33.00 24.00 894.00 30.00 17.00 2.00 2.00 1.00 27.00 18.00 900.00 26.00 25.00 0.00 1.00 0.00 0.00 0.00 0.00 0.00 0.00 0.00 0.00 0.00 0.00 0.00 3.00 34.00 22.00 881.00 29.00 29.00 29.00 22.00 903.00 23.00 23.00 19.00 38.00 910.00 9.00 22.00 27.00 25.00 900.00 24.00 28.00 1.00 25.00 30.00 890.00 31.00 19.00 4.00 0.00 0.00 0.00 1.00 
33.00 19.00 909.00 14.00 22.00 1.00 2.00 23.00 30.00 908.00 16.00 20.00 1.00 2.00 3.00 19.00 26.00 883.00 44.00 25.00 0.00 25.00 26.00 904.00 19.00 20.00 3.00 3.00 0.00 18.00 16.00 923.00 26.00 15.00 0.00 1.00 0.00 0.00 0.00 0.00 0.00 0.00 0.00 0.00 0.00 0.00 0.00 0.00 28.00 28.00 896.00 18.00 33.00 20.00 21.00 913.00 19.00 26.00 25.00 21.00 904.00 29.00 18.00 31.00 20.00 902.00 25.00 23.00 3.00 21.00 18.00 905.00 26.00 24.00 2.00 1.00 0.00 1.00 0.00 
17.00 29.00 901.00 29.00 22.00 2.00 2.00 20.00 26.00 906.00 28.00 18.00 0.00 0.00 0.00 21.00 25.00 919.00 21.00 14.00 0.00 16.00 30.00 912.00 21.00 19.00 2.00 0.00 2.00 33.00 18.00 896.00 28.00 19.00 1.00 2.00 0.00 1.00 0.00 0.00 0.00 0.00 0.00 0.00 0.00 0.00 2.00 0.00 18.00 23.00 897.00 30.00 34.00 19.00 353.00 582.00 32.00 11.00 21.00 23.00 906.00 20.00 29.00 32.00 31.00 892.00 28.00 15.00 3.00 27.00 30.00 901.00 13.00 27.00 1.00 0.00 0.00 0.00 0.00 
15.00 22.00 919.00 26.00 17.00 0.00 1.00 24.00 28.00 901.00 26.00 20.00 1.00 0.00 1.00 31.00 29.00 883.00 30.00 20.00 5.00 19.00 23.00 912.00 23.00 21.00 4.00 1.00 1.00 18.00 26.00 899.00 27.00 25.00 1.00 1.00 0.00 0.00 0.00 0.00 0.00 0.00 0.00 0.00 0.00 0.00 0.00 0.00 15.00 120.00 811.00 34.00 42.00 20.00 922.00 19.00 15.00 3.00 24.00 26.00 894.00 34.00 23.00 29.00 26.00 897.00 19.00 24.00 3.00 22.00 28.00 902.00 25.00 19.00 3.00 1.00 0.00 0.00 0.00 
32.00 26.00 882.00 28.00 28.00 1.00 1.00 24.00 39.00 898.00 22.00 15.00 1.00 0.00 2.00 19.00 15.00 911.00 25.00 28.00 1.00 26.00 24.00 907.00 22.00 19.00 1.00 0.00 1.00 20.00 31.00 891.00 29.00 24.00 4.00 0.00 0.00 0.00 0.00 0.00 0.00 0.00 0.00 0.00 0.00 1.00 0.00 19.00 23.00 908.00 24.00 27.00 24.00 27.00 911.00 13.00 22.00 2.00 31.00 27.00 894.00 16.00 31.00 25.00 24.00 902.00 20.00 30.00 2.00 28.00 23.00 896.00 26.00 22.00 2.00 0.00 0.00 1.00 2.00 
27.00 22.00 908.00 17.00 23.00 1.00 2.00 25.00 26.00 902.00 17.00 23.00 2.00 2.00 0.00 23.00 23.00 909.00 17.00 27.00 3.00 26.00 27.00 900.00 25.00 20.00 0.00 1.00 2.00 24.00 26.00 905.00 24.00 17.00 1.00 0.00 0.00 0.00 0.00 0.00 0.00 0.00 0.00 0.00 0.00 0.00 0.00 14.00 24.00 910.00 21.00 29.00 29.00 29.00 888.00 29.00 23.00 4.00 17.00 28.00 911.00 21.00 20.00 22.00 22.00 904.00 23.00 27.00 1.00 26.00 30.00 911.00 16.00 20.00 1.00 0.00 0.00 0.00 3.00 
26.00 25.00 909.00 16.00 23.00 1.00 0.00 14.00 24.00 915.00 32.00 15.00 0.00 0.00 0.00 18.00 36.00 900.00 22.00 23.00 1.00 28.00 20.00 900.00 22.00 27.00 1.00 1.00 2.00 24.00 20.00 904.00 24.00 24.00 2.00 0.00 1.00 0.00 0.00 0.00 0.00 0.00 0.00 0.00 0.00 1.00 0.00 23.00 17.00 893.00 31.00 36.00 24.00 24.00 900.00 25.00 25.00 3.00 19.00 21.00 919.00 13.00 25.00 23.00 26.00 902.00 24.00 28.00 1.00 23.00 23.00 899.00 24.00 27.00 1.00 0.00 0.00 0.00 0.00 
26.00 26.00 897.00 25.00 24.00 2.00 1.00 22.00 29.00 900.00 27.00 19.00 1.00 0.00 0.00 24.00 24.00 899.00 28.00 23.00 2.00 24.00 29.00 900.00 20.00 24.00 2.00 2.00 0.00 32.00 21.00 902.00 24.00 20.00 0.00 0.00 0.00 0.00 0.00 0.00 0.00 0.00 0.00 0.00 0.00 1.00 1.00 24.00 18.00 912.00 23.00 23.00 20.00 24.00 909.00 18.00 26.00 2.00 25.00 30.00 895.00 31.00 22.00 18.00 32.00 896.00 27.00 22.00 2.00 23.00 23.00 912.00 18.00 20.00 1.00 1.00 1.00 0.00 1.00 
34.00 26.00 884.00 34.00 20.00 1.00 3.00 19.00 15.00 905.00 28.00 28.00 1.00 2.00 1.00 30.00 23.00 892.00 26.00 23.00 6.00 29.00 13.00 901.00 29.00 25.00 0.00 1.00 1.00 28.00 24.00 905.00 17.00 24.00 0.00 0.00 0.00 0.00 0.00 0.00 0.00 0.00 0.00 0.00 0.00 1.00 3.00 18.00 24.00 909.00 21.00 23.00 20.00 25.00 902.00 25.00 26.00 3.00 30.00 22.00 889.00 26.00 32.00 24.00 26.00 906.00 22.00 24.00 0.00 20.00 19.00 911.00 22.00 23.00 1.00 3.00 0.00 1.00 1.00 
18.00 29.00 902.00 30.00 16.00 2.00 0.00 23.00 27.00 904.00 23.00 21.00 2.00 0.00 2.00 26.00 29.00 901.00 20.00 21.00 2.00 25.00 26.00 893.00 27.00 26.00 2.00 0.00 0.00 27.00 21.00 910.00 18.00 21.00 2.00 1.00 0.00 0.00 0.00 0.00 0.00 0.00 0.00 0.00 0.00 0.00 4.00 16.00 17.00 921.00 19.00 19.00 19.00 29.00 904.00 22.00 29.00 1.00 29.00 26.00 896.00 25.00 25.00 21.00 19.00 905.00 18.00 33.00 7.00 27.00 25.00 897.00 27.00 18.00 1.00 1.00 0.00 0.00 3.00 
19.00 27.00 907.00 22.00 22.00 2.00 2.00 33.00 17.00 907.00 18.00 20.00 1.00 1.00 0.00 30.00 17.00 907.00 19.00 28.00 1.00 23.00 24.00 899.00 30.00 22.00 0.00 2.00 2.00 20.00 25.00 904.00 16.00 29.00 0.00 2.00 0.00 0.00 0.00 0.00 0.00 0.00 0.00 0.00 0.00 0.00 1.00 18.00 33.00 918.00 18.00 12.00 24.00 18.00 907.00 23.00 24.00 5.00 20.00 19.00 905.00 24.00 31.00 22.00 18.00 918.00 22.00 20.00 1.00 27.00 25.00 899.00 17.00 31.00 0.00 0.00 0.00 1.00 1.00 
21.00 31.00 893.00 30.00 19.00 4.00 2.00 20.00 18.00 924.00 17.00 19.00 0.00 0.00 2.00 29.00 29.00 892.00 21.00 25.00 3.00 17.00 30.00 904.00 27.00 18.00 1.00 2.00 0.00 21.00 23.00 894.00 36.00 26.00 0.00 0.00 0.00 0.00 0.00 0.00 0.00 0.00 0.00 0.00 0.00 0.00 2.00 22.00 30.00 903.00 24.00 18.00 21.00 21.00 910.00 26.00 22.00 2.00 19.00 18.00 913.00 31.00 18.00 18.00 25.00 908.00 24.00 23.00 3.00 31.00 29.00 904.00 18.00 15.00 0.00 1.00 0.00 1.00 2.00 
30.00 20.00 899.00 21.00 28.00 0.00 0.00 20.00 23.00 905.00 21.00 29.00 2.00 0.00 1.00 24.00 22.00 903.00 22.00 25.00 4.00 22.00 28.00 902.00 23.00 22.00 1.00 1.00 2.00 23.00 28.00 904.00 21.00 19.00 2.00 1.00 0.00 0.00 0.00 0.00 0.00 0.00 0.00 0.00 0.00 2.00 2.00 26.00 24.00 899.00 23.00 26.00 17.00 27.00 911.00 22.00 20.00 2.00 29.00 23.00 891.00 28.00 26.00 31.00 16.00 898.00 30.00 24.00 4.00 15.00 27.00 904.00 22.00 28.00 3.00 0.00 0.00 2.00 0.00 
22.00 30.00 905.00 20.00 23.00 3.00 5.00 26.00 31.00 885.00 28.00 21.00 1.00 0.00 0.00 21.00 29.00 910.00 13.00 25.00 2.00 26.00 24.00 893.00 21.00 32.00 2.00 3.00 0.00 18.00 26.00 918.00 18.00 19.00 0.00 0.00 0.00 0.00 0.00 0.00 0.00 0.00 0.00 0.00 0.00 0.00 1.00 23.00 24.00 893.00 34.00 24.00 22.00 22.00 919.00 21.00 16.00 2.00 20.00 25.00 895.00 30.00 28.00 31.00 25.00 902.00 21.00 22.00 1.00 31.00 20.00 895.00 25.00 23.00 2.00 3.00 0.00 0.00 0.00 
25.00 24.00 883.00 28.00 32.00 1.00 3.00 24.00 14.00 909.00 19.00 28.00 1.00 2.00 4.00 18.00 24.00 913.00 21.00 19.00 2.00 23.00 20.00 892.00 33.00 28.00 3.00 1.00 1.00 23.00 23.00 905.00 25.00 20.00 1.00 1.00 0.00 0.00 0.00 0.00 0.00 0.00 0.00 0.00 0.00 1.00 0.00 21.00 22.00 910.00 19.00 26.00 24.00 26.00 902.00 23.00 22.00 4.00 15.00 22.00 920.00 21.00 27.00 36.00 23.00 883.00 25.00 31.00 1.00 22.00 16.00 917.00 16.00 24.00 1.00 0.00 1.00 1.00 5.00 
21.00 903.00 28.00 22.00 5.00 1.00 1.00 21.00 20.00 910.00 28.00 21.00 1.00 2.00 2.00 17.00 24.00 907.00 24.00 22.00 1.00 21.00 17.00 921.00 23.00 17.00 1.00 1.00 0.00 20.00 28.00 897.00 28.00 23.00 2.00 1.00 0.00 0.00 0.00 0.00 0.00 0.00 0.00 0.00 0.00 0.00 1.00 21.00 22.00 915.00 18.00 23.00 20.00 25.00 908.00 23.00 22.00 1.00 24.00 27.00 905.00 20.00 24.00 30.00 27.00 904.00 23.00 15.00 4.00 25.00 28.00 891.00 26.00 26.00 1.00 1.00 0.00 2.00 17.00 
23.00 904.00 24.00 28.00 0.00 2.00 1.00 22.00 14.00 921.00 21.00 18.00 2.00 0.00 2.00 36.00 22.00 889.00 31.00 19.00 3.00 28.00 23.00 886.00 35.00 23.00 1.00 4.00 2.00 28.00 18.00 896.00 25.00 27.00 1.00 0.00 1.00 0.00 0.00 0.00 0.00 0.00 0.00 0.00 0.00 0.00 0.00 15.00 24.00 903.00 33.00 27.00 25.00 26.00 902.00 23.00 19.00 1.00 19.00 14.00 909.00 28.00 32.00 24.00 36.00 899.00 25.00 17.00 3.00 30.00 25.00 883.00 24.00 32.00 1.00 1.00 1.00 1.00 18.00 
24.00 899.00 20.00 25.00 0.00 0.00 0.00 29.00 19.00 906.00 24.00 21.00 1.00 0.00 3.00 25.00 18.00 919.00 17.00 14.00 5.00 30.00 23.00 884.00 32.00 29.00 1.00 0.00 1.00 29.00 22.00 886.00 29.00 32.00 1.00 0.00 0.00 0.00 0.00 0.00 0.00 0.00 0.00 0.00 0.00 0.00 0.00 33.00 19.00 905.00 26.00 19.00 23.00 14.00 901.00 27.00 33.00 3.00 24.00 24.00 901.00 25.00 23.00 20.00 28.00 905.00 29.00 18.00 1.00 18.00 24.00 902.00 26.00 26.00 3.00 0.00 1.00 0.00 31.00 
