#scheme channel agents used ch hmax avg Ci_value 1 2 3 4 5 6 7 8 9 10
M0 20 10 20 hmax2 0.5587223 0.002308627 0.552967 0.559014 0.556798 0.56203 0.555565 0.559456 0.556259 0.560801 0.562961 0.561372
M1 20 10 20 hmax2 0.1172426 0.001042467 0.116926 0.115694 0.116801 0.116635 0.119312 0.118292 0.116799 0.117065 0.115176 0.119726
M2 20 10 20 hmax2 0.5587223 0.002308627 0.552967 0.559014 0.556798 0.56203 0.555565 0.559456 0.556259 0.560801 0.562961 0.561372
M3 20 10 20 hmax2 0.1184706 0.001331473 0.121624 0.118741 0.117057 0.118851 0.117122 0.119596 0.117761 0.116092 0.121093 0.116769
M4 20 10 20 hmax2 0.1025651 0.001711761 0.103836 0.102304 0.100396 0.105002 0.099647 0.100873 0.100988 0.107386 0.103633 0.101586
M0 30 10 30 hmax2 0.4289352 0.002561603 0.428511 0.42835 0.423614 0.431969 0.430932 0.423915 0.425653 0.430127 0.432588 0.433693
M1 30 10 30 hmax2 0.0808698 0.001541032 0.07911 0.080852 0.079943 0.079424 0.082822 0.085619 0.079484 0.080892 0.08211 0.078442
M2 30 10 20 hmax2 0.418893 0.001562276 0.416217 0.418969 0.416733 0.421509 0.416895 0.418868 0.416791 0.420863 0.422208 0.419877
M3 30 10 20 hmax2 0.0816382 0.001293737 0.084924 0.079918 0.08135 0.08054 0.082464 0.079896 0.08213 0.083172 0.082898 0.07909
M4 30 10 30 hmax2 0.0386004 0.001896188 0.033197 0.041072 0.037393 0.036541 0.036479 0.041915 0.039754 0.039992 0.039356 0.040305
M0 40 10 40 hmax2 0.3473378 0.005501862 0.343438 0.335989 0.346529 0.356668 0.342576 0.357017 0.3385 0.344363 0.355659 0.352639
M1 40 10 40 hmax2 0.0637191 0.001192455 0.063797 0.062662 0.063414 0.065322 0.061571 0.06247 0.066802 0.063509 0.065477 0.062167
M2 40 10 20 hmax2 0.3286333 0.001009106 0.328395 0.327906 0.326307 0.330002 0.327462 0.328568 0.328067 0.328336 0.330363 0.330927
M3 40 10 20 hmax2 0.064946 0.002113734 0.065277 0.060721 0.068069 0.069383 0.060819 0.066417 0.064311 0.063559 0.063314 0.06759
M4 40 10 40 hmax2 0.0102867 0.000744233 0.010043 0.009424 0.011992 0.008976 0.010159 0.010068 0.010044 0.010257 0.012237 0.009667
M0 50 10 50 hmax2 0.2897233 0.004088123 0.287548 0.286312 0.284014 0.292335 0.29369 0.29247 0.281842 0.284949 0.293646 0.300427
M1 50 10 50 hmax2 0.0511777 0.001496129 0.049144 0.049536 0.054488 0.050443 0.048931 0.051844 0.051168 0.054996 0.05102 0.050207
M2 50 10 20 hmax2 0.2662365 0.000865071 0.265042 0.264873 0.265703 0.267479 0.265974 0.264909 0.26595 0.267968 0.266476 0.267991
M3 50 10 20 hmax2 0.0522579 0.000882629 0.054691 0.051486 0.050682 0.052789 0.052783 0.051519 0.052891 0.051005 0.053262 0.051471
M4 50 10 50 hmax2 0.0060842 0.000914502 0.004959 0.004947 0.007646 0.00808 0.005751 0.004098 0.005841 0.00613 0.007352 0.006038
M0 60 10 60 hmax2 0.2503896 0.00584514 0.251313 0.247041 0.240858 0.255584 0.245155 0.252951 0.241867 0.244336 0.257954 0.266837
M1 60 10 60 hmax2 0.0440295 0.001233434 0.044229 0.043966 0.047215 0.044103 0.043537 0.041481 0.043477 0.042446 0.046567 0.043274
M2 60 10 20 hmax2 0.2205135 0.000947071 0.220537 0.219918 0.219028 0.222491 0.218369 0.220321 0.219724 0.22108 0.221489 0.222178
M3 60 10 20 hmax2 0.0432305 0.001205716 0.047217 0.044179 0.04218 0.043921 0.04128 0.043581 0.042964 0.042321 0.042944 0.041718
M4 60 10 60 hmax2 0.0026794 0.000583387 0.002095 0.002304 0.002297 0.004162 0.003752 0.002505 0.002128 0.002144 0.001871 0.003536
M0 70 10 70 hmax2 0.217989 0.007273428 0.222724 0.207227 0.20731 0.227007 0.214178 0.218665 0.208467 0.210618 0.226712 0.236982
M1 70 10 70 hmax2 0.0369719 0.001495899 0.036898 0.038768 0.039539 0.0359 0.036773 0.035745 0.035354 0.040922 0.035151 0.034669
M2 70 10 20 hmax2 0.1872448 0.001045764 0.18487 0.186441 0.185188 0.189028 0.18746 0.187498 0.187145 0.188005 0.189441 0.187372
M3 70 10 20 hmax2 0.0385905 0.002019867 0.039033 0.042348 0.035485 0.040244 0.037166 0.037334 0.040194 0.042565 0.037659 0.033877
M4 70 10 70 hmax2 0.0025138 0.000609966 0.00309 0.001531 0.001378 0.003088 0.003181 0.00266 0.002459 0.001229 0.00282 0.003702
M0 79 10 79 hmax2 0.1958148 0.008685907 0.200671 0.182283 0.183626 0.206795 0.19056 0.197783 0.184328 0.187568 0.206012 0.218522
M1 79 10 79 hmax2 0.0337531 0.002051343 0.031137 0.031505 0.031982 0.038992 0.031356 0.037531 0.03668 0.032965 0.03251 0.032873
M2 79 10 20 hmax2 0.16194 0.001141831 0.161345 0.16197 0.158492 0.164445 0.162309 0.162152 0.162083 0.160568 0.162979 0.163057
M3 79 10 20 hmax2 0.033319 0.002234027 0.034694 0.030877 0.030646 0.030922 0.034217 0.031959 0.032502 0.032437 0.041243 0.033693
M4 79 10 79 hmax2 0.0031962 0.001120381 0.00226 0.00379 0.002102 0.004442 0.002085 0.003832 0.006756 0.002889 0.00232 0.001486
