#scheme channel agents used ch hmax avg Ci_value 1 2 3 4 5 6 7 8 9 10
M0 20 10 20 hmax2 0.5534202 0.013059626 0.578194 0.57112 0.572615 0.538041 0.545745 0.561853 0.557423 0.529254 0.553693 0.526264
M1 20 10 20 hmax2 0.1358234 0.00386414 0.142434 0.130386 0.134236 0.138334 0.140704 0.136138 0.138929 0.123769 0.13702 0.136284
M2 20 10 20 hmax2 0.5534432 0.013027954 0.578393 0.571017 0.572358 0.538213 0.545793 0.561809 0.557763 0.529359 0.553427 0.5263
M3 20 10 20 hmax2 0.1342018 0.002729763 0.133084 0.130872 0.132828 0.141078 0.132018 0.140868 0.130422 0.135037 0.133904 0.131907
M4 20 10 20 hmax2 0.1158545 0.003522298 0.116196 0.113719 0.116316 0.104581 0.112605 0.117831 0.12006 0.121967 0.119911 0.115359
M0 30 10 30 hmax2 0.414281 0.012074956 0.43856 0.431342 0.429635 0.393476 0.411598 0.417149 0.425143 0.392416 0.408431 0.39506
M1 30 10 30 hmax2 0.0927229 0.002771737 0.085528 0.089571 0.095188 0.090832 0.098776 0.091843 0.094895 0.0926 0.097028 0.090968
M2 30 10 20 hmax2 0.401965 0.01134764 0.424713 0.419657 0.416676 0.386956 0.395287 0.410532 0.404529 0.382469 0.398713 0.380118
M3 30 10 20 hmax2 0.0961271 0.004207239 0.088512 0.109042 0.093632 0.100205 0.096074 0.099868 0.096703 0.090277 0.094218 0.09274
M4 30 10 30 hmax2 0.0450142 0.004027888 0.043984 0.043381 0.043761 0.053998 0.040387 0.047534 0.040598 0.047054 0.053317 0.036128
M0 40 10 40 hmax2 0.3321212 0.012495091 0.367914 0.341631 0.34274 0.316324 0.337483 0.330028 0.332807 0.326631 0.322919 0.302735
M1 40 10 40 hmax2 0.0736554 0.003373441 0.068989 0.080218 0.074713 0.070636 0.06908 0.07296 0.082988 0.074936 0.07172 0.070314
M2 40 10 20 hmax2 0.3074713 0.009909943 0.327723 0.323437 0.318105 0.29261 0.30123 0.314372 0.312264 0.291521 0.30489 0.288561
M3 40 10 20 hmax2 0.0766173 0.00386052 0.079835 0.074604 0.080915 0.077268 0.065026 0.078587 0.072539 0.085181 0.075899 0.076319
M4 40 10 40 hmax2 0.0112527 0.001636359 0.008392 0.009619 0.009887 0.013418 0.01273 0.009817 0.008304 0.012369 0.014473 0.013518
M0 50 10 50 hmax2 0.276206 0.01220997 0.314098 0.285037 0.290506 0.26398 0.27725 0.27051 0.271722 0.267986 0.268814 0.252157
M1 50 10 50 hmax2 0.0589475 0.003944845 0.06174 0.065866 0.056212 0.053905 0.049381 0.066351 0.063595 0.0579 0.059544 0.054981
M2 50 10 20 hmax2 0.2458566 0.008671796 0.263527 0.258155 0.257342 0.234498 0.23809 0.253689 0.24864 0.231839 0.243216 0.22957
M3 50 10 20 hmax2 0.0588451 0.002566915 0.055915 0.064449 0.060051 0.060163 0.055643 0.062345 0.055983 0.053293 0.062165 0.058444
M4 50 10 50 hmax2 0.0055247 0.001552291 0.006658 0.011148 0.004262 0.005003 0.005665 0.003631 0.005229 0.003919 0.004383 0.005349
M0 60 10 60 hmax2 0.2382302 0.014120339 0.278163 0.251076 0.248663 0.217089 0.24723 0.225276 0.24024 0.230229 0.235553 0.208783
M1 60 10 60 hmax2 0.0498755 0.004208042 0.053322 0.05668 0.05028 0.039752 0.045313 0.05329 0.049011 0.053737 0.055743 0.041627
M2 60 10 20 hmax2 0.1998535 0.007910238 0.216622 0.211901 0.208465 0.188129 0.196331 0.206109 0.198982 0.186948 0.200777 0.184271
M3 60 10 20 hmax2 0.0491285 0.00100432 0.049303 0.0521 0.048423 0.049446 0.047327 0.049094 0.049085 0.047161 0.050206 0.04914
M4 60 10 60 hmax2 0.0050772 0.001723173 0.004439 0.00315 0.00546 0.010037 0.004549 0.002617 0.003828 0.004365 0.008673 0.003654
M0 70 10 70 hmax2 0.2100919 0.015586952 0.254937 0.220984 0.222448 0.186334 0.224522 0.196377 0.206249 0.205266 0.204743 0.179059
M1 70 10 70 hmax2 0.0423815 0.002786174 0.042898 0.040873 0.040152 0.041113 0.03949 0.050045 0.044895 0.036082 0.046155 0.042112
M2 70 10 20 hmax2 0.1675371 0.006599182 0.18245 0.175343 0.176902 0.158093 0.165793 0.170664 0.168497 0.156202 0.166644 0.154783
M3 70 10 20 hmax2 0.0432066 0.003030128 0.0419 0.036728 0.043255 0.045842 0.048398 0.043112 0.036716 0.048646 0.046145 0.041324
M4 70 10 70 hmax2 0.0044291 0.001259932 0.00473 0.003841 0.003969 0.00853 0.004819 0.004723 0.004212 0.002368 0.005028 0.002071
M0 79 10 79 hmax2 0.1906421 0.016972162 0.239433 0.201651 0.201895 0.165666 0.208116 0.171779 0.186611 0.18903 0.184752 0.157488
M1 79 10 79 hmax2 0.0358815 0.002090769 0.035452 0.037067 0.036607 0.030607 0.032323 0.035304 0.037057 0.03607 0.036821 0.041507
M2 79 10 20 hmax2 0.1455258 0.005680755 0.157577 0.15223 0.152189 0.134877 0.144666 0.150472 0.146495 0.137527 0.145068 0.134157
M3 79 10 20 hmax2 0.0401864 0.002896433 0.041718 0.040352 0.043249 0.037228 0.03692 0.045809 0.036795 0.034229 0.039297 0.046267
M4 79 10 79 hmax2 0.0046551 0.0019035 0.001707 0.00096 0.007786 0.006199 0.002997 0.007969 0.002085 0.006653 0.003602 0.006593
