1 1 1 0 0 1 1 1 1 0 
0 0 1 0 0 0 1 0 0 0 
66 3 58 81 24 27 37 72 48 12 
45 26 42 53 26 18 10 62 46 24 
66 20 19 50 0 53 6 58 22 2 
28 35 26 83 24 68 15 43 21 2 
26 36 220 65 44 220 24 46 40 8 
66 45 20 41 34 3 14 50 40 14 
26 44 25 23 40 2 4 32 23 9 
30 21 18 26 47 0 4 28 20 0 
12 401 357 4 28 5 21 44 24 11 
10 15 10 7 34 0 13 30 17 0 
44 60 41 8 37 1 3 25 3 1 
39 42 34 4 33 2 3 17 14 16 
21 37 27 6 2 1 32 6 16 23 
30 28 19 6 1 18 19 15 26 32 
35 27 2 7 5 18 3 29 12 18 
30 26 2 5 3 5 5 21 3 20 
34 32 0 3 21 6 2 14 12 36 
10 23 11 3 24 23 1 4 24 26 
13 10 12 2 29 25 3 5 13 2 
35 1 1 5 16 11 4 3 23 0 
10 2 3 4 2 4 4 3 8 2 
4 4 4 6 0 1 3 5 4 1 
9 36 24 4 0 1 2 8 3 2 
5 13 11 3 1 3 3 1 4 0 
3 2 1 11 1 6 5 5 5 1 
3 3 4 5 1 1 3 4 0 1 
5 2 7 4 0 1 7 4 3 0 
4 5 4 4 2 3 4 4 2 1 
6 3 2 2 0 1 2 3 6 2 
5 8 3 6 0 0 5 3 3 5 
10 4 4 7 4 4 7 5 4 3 
7 2 2 0 0 0 1 2 4 1 
11 1 6 5 1 2 9 3 7 1 
7 6 9 4 0 1 4 3 4 0 
7 1 31 2 2 1 24 5 3 1 
7 3 11 8 3 5 13 5 4 3 
3 4 31 0 3 6 22 3 3 4 
5 2 19 1 19 16 13 4 5 0 
6 1 26 4 28 21 20 5 3 1 
4 7 33 3 1 1 23 3 2 3 
0 1 19 3 0 0 13 3 0 1 
2 8 18 4 0 0 10 2 1 2 
2 2 1 18 2 4 13 4 2 2 
4 3 2 21 2 2 15 2 2 2 
25 5 3 9 6 5 7 17 0 3 
33 6 3 5 1 1 3 27 1 4 
29 5 3 3 4 3 3 18 0 1 
14 5 5 3 1 6 2 13 5 1 
8 1 2 3 2 2 3 3 4 1 
6 3 4 5 3 4 2 5 4 2 
3 3 1 3 4 4 3 0 2 2 
29 5 5 7 1 1 5 22 1 1 
23 0 2 3 0 0 3 12 5 0 
33 4 6 8 4 7 7 5 27 2 
20 1 4 5 1 0 6 4 13 1 
10 4 2 9 3 7 1 10 6 2 
7 2 1 2 1 1 1 2 5 2 
1 1 1 7 1 1 4 3 1 0 
80 22 38 423 26 22 345 453 18 11 
68 7 29 53 3 3 54 83 1 1 
65 2 45 28 2 4 47 71 21 2 
60 18 42 38 4 4 43 67 22 3 
70 7 4 363 7 9 49 409 8 4 
88 2 7 18 22 20 54 80 4 2 
64 3 5 12 11 9 48 77 5 1 
63 1 3 12 4 3 56 70 4 2 
63 3 5 6 5 1 45 71 3 5 
75 2 6 7 3 3 47 85 2 2 
144 12 11 4 2 2 57 63 3 7 
64 9 7 5 1 4 55 66 5 2 
71 4 12 23 2 1 44 74 3 3 
67 2 10 23 3 0 46 75 1 2 
67 1 26 18 2 2 51 69 3 3 
79 3 31 22 6 8 49 74 11 3 
43 2 31 30 1 6 27 71 27 2 
90 5 31 67 0 3 45 51 32 2 
77 6 28 94 2 2 49 80 50 0 
77 21 14 40 0 3 21 45 28 1 
61 4 1 30 2 4 26 43 21 2 
47 7 5 36 2 6 43 40 25 3 
56 6 5 52 51 22 37 44 44 4 
98 1 0 64 27 17 50 64 29 1 
79 4 3 46 20 15 43 75 20 2 
50 3 4 34 13 11 35 61 41 1 
40 3 4 48 4 1 39 37 37 4 
42 2 3 44 2 4 28 44 43 1 
72 4 2 45 1 1 28 38 15 2 
65 3 22 72 2 2 50 55 30 2 
48 3 3 73 1 1 36 49 36 1 
62 2 9 44 2 1 46 51 15 3 
43 5 3 42 1 19 35 52 30 3 
32 0 1 5 1 35 46 24 43 1 
47 7 21 6 5 15 43 19 24 4 
49 1 3 2 2 5 43 20 20 2 
40 1 0 3 2 4 61 21 16 2 
36 2 3 18 0 7 68 47 27 0 
51 4 26 46 2 24 29 36 23 4 
43 7 23 27 1 34 21 22 28 3 
36 7 5 42 1 5 42 49 21 3 
50 5 4 32 4 8 50 40 28 5 
59 0 2 26 8 30 49 20 28 1 
46 3 4 26 24 18 57 14 3 3 
44 5 9 20 16 31 60 26 29 3 
53 3 2 5 3 11 57 44 37 4 
40 6 8 5 10 4 49 28 20 6 
34 2 4 9 20 16 47 37 22 11 
37 3 6 6 24 18 52 25 19 3 
39 1 2 27 25 13 40 43 18 7 
66 0 3 30 12 24 54 17 18 8 
51 2 6 24 6 33 50 6 24 4 
55 6 7 37 4 4 43 35 23 4 
44 3 1 27 4 5 53 31 23 5 
47 2 5 5 8 7 41 24 18 2 
60 9 6 28 3 20 64 43 39 7 
66 5 5 34 18 36 48 29 37 3 
35 2 6 10 20 17 59 38 25 5 
39 21 12 4 33 119 53 35 26 9 
42 27 20 1 35 26 55 22 18 10 
41 32 20 2 8 39 52 26 44 2 
46 6 4 7 5 28 48 11 24 1 
36 3 3 4 5 31 52 29 36 4 
36 2 1 1 2 30 59 46 32 2 
49 6 7 4 1 4 60 23 22 0 
49 28 20 3 18 25 58 37 33 3 
37 20 13 4 24 52 51 31 47 4 
36 10 9 6 9 17 45 34 30 7 
45 9 4 6 11 15 54 30 28 6 
46 5 2 6 4 17 45 16 19 3 
45 3 4 4 4 4 62 30 28 3 
35 7 7 9 5 2 49 35 29 3 
35 2 5 4 3 16 49 39 36 3 
46 4 6 4 4 29 46 30 41 1 
45 2 2 3 4 30 46 37 42 2 
48 7 3 28 25 18 55 26 19 15 
47 1 4 5 29 0 46 28 19 20 
50 2 3 13 11 11 55 30 25 6 
23 2 2 38 3 26 48 32 23 3 
47 3 2 27 7 25 50 13 17 4 
35 1 0 22 8 54 0 10 34 3 
0 7 3 17 6 30 1 29 8 4 
13 3 5 40 6 106 4 30 97 2 
26 4 34 20 2 29 22 6 25 2 
22 6 9 32 3 26 6 12 22 6 
20 3 5 21 8 26 3 8 17 3 
10 3 4 9 28 23 1 2 7 1 
6 6 3 5 34 37 0 6 16 3 
1 1 1 2 27 52 1 3 26 3 
4 4 3 4 38 33 1 4 23 23 
4 5 3 6 29 33 1 4 21 17 
7 3 5 7 351 286 3 3 8 16 
3 9 4 4 29 4 1 2 3 19 
1 1 7 4 34 17 5 3 4 13 
1 0 1 3 9 37 1 8 16 0 
2 2 4 5 9 29 1 15 12 5 
1 3 13 4 1 60 7 25 24 1 
0 4 32 3 6 50 22 27 33 4 
1 4 6 8 2 50 3 48 44 4 
3 5 4 4 7 51 4 20 22 5 
2 3 3 5 31 28 3 2 23 22 
0 10 7 3 33 31 2 5 23 24 
3 15 1 4 33 54 0 4 27 12 
2 39 2 5 28 43 2 2 30 29 
4 32 3 2 2 28 2 1 20 24 
0 19 4 2 0 28 3 1 18 15 
2 31 2 1 0 19 0 0 14 24 
2 11 0 2 1 23 0 1 20 7 
5 28 3 4 1 20 2 2 16 19 
4 43 6 3 2 3 2 1 2 29 
0 17 4 4 0 16 1 3 2 19 
3 3 3 3 0 29 1 0 2 18 
3 1 3 2 0 9 2 1 1 8 
2 3 3 3 0 3 61 7 5 60 
5 8 5 5 6 7 4 6 6 21 
4 12 14 4 1 3 3 4 1 4 
1 27 19 0 1 1 0 3 3 0 
1 371 323 1 1 8 1 4 6 4 
10 44 19 4 3 4 0 8 7 6 
3 27 21 1 1 0 1 4 3 0 
4 18 14 1 2 3 1 0 1 2 
2 4 4 0 2 7 0 2 7 0 
2 8 3 2 0 8 1 2 3 8 
6 4 5 4 2 1 3 2 2 1 
0 2 2 0 0 3 2 2 4 1 
5 5 5 2 3 3 3 7 6 3 
2 8 3 0 2 0 1 3 2 4 
4 4 5 1 4 9 2 4 7 4 
3 0 2 0 2 4 1 3 2 3 
0 2 2 0 0 6 2 3 4 3 
0 5 5 0 0 2 2 0 2 2 
1 7 6 0 1 1 2 2 3 2 
2 5 4 7 0 5 1 7 4 5 
2 1 3 24 1 5 2 20 4 1 
1 2 0 6 1 1 0 5 0 3 
1 2 1 2 1 4 0 4 3 3 
1 0 1 3 1 3 1 3 2 0 
3 3 5 3 3 5 2 2 4 1 
4 5 3 5 1 6 2 2 2 6 
3 5 3 1 2 10 2 2 5 7 
