#scheme channel agents used ch hmax avg Ci_value 1 2 3 4 5 6 7 8 9 10
M4 79 10 79 hmax2 0.003538 0.001140222 0.003453 0.003161 0.003972 0.003604 0.003457 0.007155 0.002045 0.004763 0.002231 0.001539
M4 79 11 79 hmax2 0.0028377 0.000365273 0.002985 0.003366 0.003437 0.002952 0.001942 0.00249 0.003104 0.002709 0.003254 0.002138
M4 79 12 79 hmax2 0.0033513 0.00088689 0.003607 0.00299 0.005952 0.004617 0.002686 0.002385 0.003589 0.002907 0.001443 0.003337
M4 79 13 79 hmax2 0.0035153 0.000623657 0.00283 0.004106 0.003672 0.003584 0.003062 0.005469 0.002385 0.002761 0.003856 0.003428
M4 79 14 79 hmax2 0.0043919 0.000895052 0.002539 0.0056 0.003612 0.006577 0.004581 0.004441 0.0047 0.00417 0.005083 0.002616
M4 79 15 79 hmax2 0.004457 0.000764226 0.004095 0.00585 0.002881 0.004365 0.004922 0.006101 0.003941 0.003556 0.003505 0.005354
M4 79 16 79 hmax2 0.0059934 0.001151923 0.005967 0.004955 0.004774 0.006612 0.004784 0.005484 0.009667 0.007302 0.006239 0.00415
M4 79 17 79 hmax2 0.0082481 0.001899896 0.005921 0.007727 0.007658 0.010544 0.013908 0.007921 0.010559 0.006016 0.005566 0.006661
M4 79 18 79 hmax2 0.0088397 0.001346877 0.006261 0.009143 0.0121 0.008974 0.008287 0.007499 0.009531 0.00788 0.011649 0.007073
M4 79 19 79 hmax2 0.0110802 0.002567636 0.00996 0.020621 0.011041 0.012359 0.011292 0.010107 0.008231 0.008533 0.009715 0.008943
M4 79 20 79 hmax2 0.0126271 0.001798667 0.012838 0.012091 0.013666 0.018345 0.015087 0.010676 0.010788 0.010214 0.011042 0.011524
M4 79 21 79 hmax2 0.0171445 0.002222885 0.014857 0.018529 0.021715 0.017913 0.014154 0.020173 0.017159 0.019874 0.01536 0.011711
M4 79 22 79 hmax2 0.0211403 0.001913549 0.024958 0.017226 0.021402 0.024342 0.023575 0.01984 0.020288 0.017185 0.021564 0.021023
M4 79 23 79 hmax2 0.024884 0.002463562 0.023518 0.021154 0.024216 0.028994 0.028527 0.030343 0.020494 0.024255 0.025661 0.021678
M4 79 24 79 hmax2 0.0290813 0.002609936 0.034475 0.025473 0.025558 0.03206 0.029344 0.026389 0.024974 0.030691 0.027546 0.034303
M4 79 25 79 hmax2 0.0329659 0.001329007 0.033278 0.032013 0.031011 0.033302 0.029782 0.035773 0.033674 0.032204 0.033006 0.035616
