#mode	C	N_a	P_col	
M4 20 2 20 0.013988 0.013014 hmax2
M4 21 2 20 0.014862 0.012586 hmax2
M4 22 2 20 0.013176 0.013243 hmax2
M4 23 2 20 0.011617 0.011215 hmax2
M4 24 2 20 0.011277 0.011064 hmax2
M4 25 2 20 0.011225 0.011216 hmax2
M4 26 2 20 0.011943 0.010108 hmax2
M4 27 2 20 0.009740 0.009799 hmax2
M4 28 2 20 0.011089 0.011548 hmax2
M4 29 2 20 0.009980 0.009933 hmax2
M4 30 2 20 0.009764 0.009263 hmax2
M4 31 2 20 0.009104 0.009161 hmax2
M4 32 2 20 0.010457 0.011418 hmax2
M4 33 2 20 0.008726 0.009926 hmax2
M4 34 2 20 0.011252 0.013681 hmax2
M4 35 2 20 0.008647 0.008915 hmax2
M4 36 2 20 0.007696 0.007081 hmax2
M4 37 2 20 0.009752 0.009210 hmax2
M4 38 2 20 0.008245 0.006560 hmax2
M4 39 2 20 0.009363 0.009064 hmax2
M4 40 2 20 0.008756 0.008395 hmax2
M4 41 2 20 0.006954 0.006971 hmax2
M4 42 2 20 0.008236 0.010969 hmax2
M4 43 2 20 0.007073 0.006135 hmax2
M4 44 2 20 0.008898 0.007808 hmax2
M4 45 2 20 0.006761 0.006356 hmax2
M4 46 2 20 0.007668 0.005771 hmax2
M4 47 2 20 0.005587 0.005685 hmax2
M4 48 2 20 0.008833 0.005314 hmax2
M4 49 2 20 0.009282 0.007821 hmax2
M4 50 2 20 0.007142 0.006966 hmax2
M4 51 2 20 0.007017 0.006564 hmax2
M4 52 2 20 0.005952 0.005945 hmax2
M4 53 2 20 0.006706 0.005495 hmax2
M4 54 2 20 0.006273 0.006728 hmax2
M4 55 2 20 0.006308 0.004921 hmax2
M4 56 2 20 0.006169 0.004755 hmax2
M4 57 2 20 0.007123 0.005465 hmax2
M4 58 2 20 0.006893 0.006906 hmax2
M4 59 2 20 0.005839 0.005180 hmax2
M4 60 2 20 0.005429 0.004460 hmax2
M4 61 2 20 0.008443 0.006499 hmax2
M4 62 2 20 0.006254 0.004641 hmax2
M4 63 2 20 0.008422 0.006628 hmax2
M4 64 2 20 0.007199 0.004101 hmax2
M4 65 2 20 0.007885 0.004183 hmax2
M4 66 2 20 0.009255 0.006013 hmax2
M4 67 2 20 0.010719 0.005244 hmax2
M4 68 2 20 0.006923 0.006289 hmax2
M4 69 2 20 0.007599 0.003826 hmax2
M4 70 2 20 0.006882 0.003918 hmax2
M4 71 2 20 0.005205 0.003760 hmax2
M4 72 2 20 0.006000 0.004879 hmax2
M4 73 2 20 0.005795 0.003760 hmax2
M4 74 2 20 0.006037 0.004485 hmax2
M4 75 2 20 0.009442 0.005198 hmax2
M4 76 2 20 0.012593 0.003369 hmax2
M4 77 2 20 0.007067 0.006795 hmax2
M4 78 2 20 0.006683 0.003709 hmax2
M4 79 2 20 0.007449 0.004905 hmax2

M4 20 3 20 0.027556 0.027972 hmax2
M4 21 3 20 0.025969 0.026326 hmax2
M4 22 3 20 0.024958 0.025128 hmax2
M4 23 3 20 0.023259 0.022630 hmax2
M4 24 3 20 0.022397 0.021409 hmax2
M4 25 3 20 0.021744 0.021535 hmax2
M4 26 3 20 0.021594 0.023266 hmax2
M4 27 3 20 0.020916 0.021578 hmax2
M4 28 3 20 0.019728 0.020560 hmax2
M4 29 3 20 0.019102 0.019483 hmax2
M4 30 3 20 0.017668 0.018200 hmax2
M4 31 3 20 0.017216 0.016797 hmax2
M4 32 3 20 0.016725 0.016510 hmax2
M4 33 3 20 0.016965 0.017924 hmax2
M4 34 3 20 0.016221 0.016351 hmax2
M4 35 3 20 0.016029 0.015642 hmax2
M4 36 3 20 0.016285 0.017442 hmax2
M4 37 3 20 0.014586 0.014464 hmax2
M4 38 3 20 0.013513 0.013515 hmax2
M4 39 3 20 0.014298 0.014843 hmax2
M4 40 3 20 0.013367 0.012803 hmax2
M4 41 3 20 0.013839 0.014758 hmax2
M4 42 3 20 0.013867 0.013315 hmax2
M4 43 3 20 0.013021 0.013450 hmax2
M4 44 3 20 0.013571 0.012650 hmax2
M4 45 3 20 0.011911 0.011924 hmax2
M4 46 3 20 0.012744 0.012391 hmax2
M4 47 3 20 0.011624 0.012228 hmax2
M4 48 3 20 0.011378 0.011664 hmax2
M4 49 3 20 0.012312 0.012183 hmax2
M4 50 3 20 0.011069 0.010798 hmax2
M4 51 3 20 0.012658 0.011702 hmax2
M4 52 3 20 0.010217 0.010011 hmax2
M4 53 3 20 0.011472 0.009622 hmax2
M4 54 3 20 0.012074 0.011348 hmax2
M4 55 3 20 0.010040 0.009409 hmax2
M4 56 3 20 0.011131 0.011289 hmax2
M4 57 3 20 0.009764 0.009923 hmax2
M4 58 3 20 0.009288 0.009293 hmax2
M4 59 3 20 0.012034 0.013437 hmax2
M4 60 3 20 0.009572 0.009934 hmax2
M4 61 3 20 0.008681 0.008869 hmax2
M4 62 3 20 0.009106 0.010130 hmax2
M4 63 3 20 0.009976 0.010097 hmax2
M4 64 3 20 0.008489 0.008978 hmax2
M4 65 3 20 0.009444 0.008205 hmax2
M4 66 3 20 0.009471 0.008347 hmax2
M4 67 3 20 0.008156 0.008043 hmax2
M4 68 3 20 0.008113 0.008678 hmax2
M4 69 3 20 0.008403 0.009251 hmax2
M4 70 3 20 0.009291 0.009507 hmax2
M4 71 3 20 0.008271 0.007555 hmax2
M4 72 3 20 0.007584 0.007240 hmax2
M4 73 3 20 0.007643 0.008096 hmax2
M4 74 3 20 0.008786 0.008265 hmax2
M4 75 3 20 0.007502 0.007283 hmax2
M4 76 3 20 0.008065 0.008190 hmax2
M4 77 3 20 0.007232 0.007693 hmax2
M4 78 3 20 0.007292 0.006898 hmax2
M4 79 3 20 0.007290 0.007084 hmax2

M4 20 4 20 0.040713 0.041114 hmax2
M4 21 4 20 0.040603 0.041546 hmax2
M4 22 4 20 0.036080 0.035166 hmax2
M4 23 4 20 0.034983 0.034471 hmax2
M4 24 4 20 0.034667 0.033531 hmax2
M4 25 4 20 0.032381 0.032985 hmax2
M4 26 4 20 0.031868 0.031739 hmax2
M4 27 4 20 0.029757 0.029902 hmax2
M4 28 4 20 0.029175 0.029489 hmax2
M4 29 4 20 0.028937 0.030930 hmax2
M4 30 4 20 0.026980 0.026471 hmax2
M4 31 4 20 0.026739 0.025700 hmax2
M4 32 4 20 0.027488 0.028405 hmax2
M4 33 4 20 0.025860 0.026859 hmax2
M4 34 4 20 0.024767 0.024478 hmax2
M4 35 4 20 0.023418 0.023406 hmax2
M4 36 4 20 0.023551 0.022107 hmax2
M4 37 4 20 0.022628 0.022748 hmax2
M4 38 4 20 0.022475 0.023643 hmax2
M4 39 4 20 0.023553 0.023831 hmax2
M4 40 4 20 0.021221 0.021836 hmax2
M4 41 4 20 0.022080 0.022314 hmax2
M4 42 4 20 0.020836 0.018770 hmax2
M4 43 4 20 0.020337 0.019799 hmax2
M4 44 4 20 0.019967 0.019439 hmax2
M4 45 4 20 0.018689 0.018431 hmax2
M4 46 4 20 0.018394 0.016874 hmax2
M4 47 4 20 0.018601 0.019939 hmax2
M4 48 4 20 0.017866 0.017941 hmax2
M4 49 4 20 0.017035 0.016752 hmax2
M4 50 4 20 0.016677 0.016026 hmax2
M4 51 4 20 0.016411 0.016622 hmax2
M4 52 4 20 0.016582 0.016784 hmax2
M4 53 4 20 0.015683 0.014556 hmax2
M4 54 4 20 0.015338 0.016102 hmax2
M4 55 4 20 0.015642 0.016977 hmax2
M4 56 4 20 0.014791 0.014529 hmax2
M4 57 4 20 0.014812 0.013419 hmax2
M4 58 4 20 0.016084 0.015185 hmax2
M4 59 4 20 0.014487 0.015521 hmax2
M4 60 4 20 0.014441 0.015277 hmax2
M4 61 4 20 0.014253 0.013964 hmax2
M4 62 4 20 0.015096 0.013162 hmax2
M4 63 4 20 0.013013 0.013858 hmax2
M4 64 4 20 0.012672 0.013096 hmax2
M4 65 4 20 0.013424 0.014044 hmax2
M4 66 4 20 0.013544 0.013404 hmax2
M4 67 4 20 0.012989 0.012189 hmax2
M4 68 4 20 0.013522 0.013192 hmax2
M4 69 4 20 0.012630 0.013243 hmax2
M4 70 4 20 0.012255 0.012642 hmax2
M4 71 4 20 0.012500 0.012308 hmax2
M4 72 4 20 0.013812 0.013228 hmax2
M4 73 4 20 0.011530 0.010815 hmax2
M4 74 4 20 0.010937 0.010799 hmax2
M4 75 4 20 0.011643 0.010528 hmax2
M4 76 4 20 0.012514 0.012084 hmax2
M4 77 4 20 0.011310 0.012323 hmax2
M4 78 4 20 0.011158 0.010411 hmax2
M4 79 4 20 0.011405 0.012004 hmax2

M4 20 5 20 0.055153 0.053498 hmax2
M4 21 5 20 0.052048 0.052233 hmax2
M4 22 5 20 0.049870 0.050335 hmax2
M4 23 5 20 0.047157 0.047323 hmax2
M4 24 5 20 0.046229 0.045543 hmax2
M4 25 5 20 0.043638 0.043625 hmax2
M4 26 5 20 0.042320 0.041517 hmax2
M4 27 5 20 0.041501 0.040820 hmax2
M4 28 5 20 0.039488 0.039236 hmax2
M4 29 5 20 0.038825 0.038368 hmax2
M4 30 5 20 0.037321 0.036943 hmax2
M4 31 5 20 0.035917 0.035958 hmax2
M4 32 5 20 0.035081 0.034061 hmax2
M4 33 5 20 0.035117 0.034578 hmax2
M4 34 5 20 0.031905 0.031329 hmax2
M4 35 5 20 0.032826 0.033031 hmax2
M4 36 5 20 0.031841 0.031598 hmax2
M4 37 5 20 0.030404 0.029209 hmax2
M4 38 5 20 0.031845 0.033310 hmax2
M4 39 5 20 0.030336 0.033068 hmax2
M4 40 5 20 0.029106 0.029918 hmax2
M4 41 5 20 0.029095 0.028092 hmax2
M4 42 5 20 0.029284 0.030242 hmax2
M4 43 5 20 0.026143 0.026716 hmax2
M4 44 5 20 0.026344 0.027220 hmax2
M4 45 5 20 0.026424 0.026735 hmax2
M4 46 5 20 0.026103 0.026952 hmax2
M4 47 5 20 0.025003 0.026306 hmax2
M4 48 5 20 0.023326 0.023149 hmax2
M4 49 5 20 0.023223 0.023815 hmax2
M4 50 5 20 0.025868 0.024675 hmax2
M4 51 5 20 0.022612 0.020473 hmax2
M4 52 5 20 0.022345 0.021804 hmax2
M4 53 5 20 0.022741 0.023703 hmax2
M4 54 5 20 0.020055 0.020015 hmax2
M4 55 5 20 0.020896 0.020255 hmax2
M4 56 5 20 0.019851 0.020116 hmax2
M4 57 5 20 0.020105 0.018937 hmax2
M4 58 5 20 0.021376 0.021923 hmax2
M4 59 5 20 0.020347 0.019271 hmax2
M4 60 5 20 0.019014 0.019076 hmax2
M4 61 5 20 0.019237 0.018482 hmax2
M4 62 5 20 0.018637 0.018258 hmax2
M4 63 5 20 0.019322 0.018931 hmax2
M4 64 5 20 0.018064 0.018575 hmax2
M4 65 5 20 0.017867 0.018374 hmax2
M4 66 5 20 0.017143 0.018226 hmax2
M4 67 5 20 0.017076 0.016826 hmax2
M4 68 5 20 0.016286 0.015709 hmax2
M4 69 5 20 0.016481 0.017404 hmax2
M4 70 5 20 0.015544 0.015113 hmax2
M4 71 5 20 0.016843 0.015809 hmax2
M4 72 5 20 0.017064 0.014774 hmax2
M4 73 5 20 0.015489 0.016345 hmax2
M4 74 5 20 0.017170 0.018181 hmax2
M4 75 5 20 0.015620 0.014741 hmax2
M4 76 5 20 0.015849 0.016924 hmax2
M4 77 5 20 0.015155 0.013714 hmax2
M4 78 5 20 0.015313 0.014820 hmax2
M4 79 5 20 0.014855 0.015282 hmax2

M4 20 6 20 0.067926 0.068104 hmax2
M4 21 6 20 0.064445 0.065595 hmax2
M4 22 6 20 0.061960 0.061655 hmax2
M4 23 6 20 0.059055 0.059674 hmax2
M4 24 6 20 0.057503 0.056810 hmax2
M4 25 6 20 0.054233 0.054397 hmax2
M4 26 6 20 0.053775 0.054097 hmax2
M4 27 6 20 0.051663 0.052366 hmax2
M4 28 6 20 0.051620 0.053496 hmax2
M4 29 6 20 0.048783 0.048509 hmax2
M4 30 6 20 0.046147 0.045513 hmax2
M4 31 6 20 0.044993 0.044754 hmax2
M4 32 6 20 0.044409 0.043059 hmax2
M4 33 6 20 0.043475 0.043204 hmax2
M4 34 6 20 0.041491 0.041720 hmax2
M4 35 6 20 0.041680 0.042140 hmax2
M4 36 6 20 0.041463 0.040558 hmax2
M4 37 6 20 0.038302 0.037554 hmax2
M4 38 6 20 0.037329 0.037526 hmax2
M4 39 6 20 0.037322 0.038457 hmax2
M4 40 6 20 0.036280 0.035123 hmax2
M4 41 6 20 0.036350 0.036828 hmax2
M4 42 6 20 0.033001 0.033149 hmax2
M4 43 6 20 0.033618 0.033863 hmax2
M4 44 6 20 0.032312 0.031907 hmax2
M4 45 6 20 0.032669 0.032459 hmax2
M4 46 6 20 0.031610 0.031250 hmax2
M4 47 6 20 0.031824 0.032208 hmax2
M4 48 6 20 0.030262 0.030292 hmax2
M4 49 6 20 0.029520 0.029840 hmax2
M4 50 6 20 0.028714 0.028107 hmax2
M4 51 6 20 0.028229 0.027750 hmax2
M4 52 6 20 0.027097 0.026502 hmax2
M4 53 6 20 0.027289 0.027531 hmax2
M4 54 6 20 0.027910 0.030092 hmax2
M4 55 6 20 0.025651 0.024324 hmax2
M4 56 6 20 0.026928 0.028058 hmax2
M4 57 6 20 0.025666 0.025284 hmax2
M4 58 6 20 0.024745 0.024433 hmax2
M4 59 6 20 0.025188 0.025598 hmax2
M4 60 6 20 0.024923 0.025966 hmax2
M4 61 6 20 0.026122 0.025638 hmax2
M4 62 6 20 0.023256 0.022758 hmax2
M4 63 6 20 0.022316 0.021915 hmax2
M4 64 6 20 0.022670 0.023057 hmax2
M4 65 6 20 0.022156 0.022173 hmax2
M4 66 6 20 0.021268 0.022143 hmax2
M4 67 6 20 0.022533 0.023277 hmax2
M4 68 6 20 0.020401 0.020134 hmax2
M4 69 6 20 0.021627 0.022600 hmax2
M4 70 6 20 0.022411 0.022997 hmax2
M4 71 6 20 0.021414 0.021258 hmax2
M4 72 6 20 0.020165 0.019110 hmax2
M4 73 6 20 0.019593 0.019135 hmax2
M4 74 6 20 0.019669 0.019643 hmax2
M4 75 6 20 0.022073 0.023329 hmax2
M4 76 6 20 0.019527 0.019445 hmax2
M4 77 6 20 0.019855 0.021085 hmax2
M4 78 6 20 0.018706 0.019236 hmax2
M4 79 6 20 0.018561 0.017921 hmax2

M4 20 7 20 0.080666 0.079783 hmax2
M4 21 7 20 0.077151 0.078782 hmax2
M4 22 7 20 0.073483 0.073999 hmax2
M4 23 7 20 0.070421 0.069048 hmax2
M4 24 7 20 0.068836 0.067278 hmax2
M4 25 7 20 0.066505 0.064770 hmax2
M4 26 7 20 0.062861 0.062884 hmax2
M4 27 7 20 0.061938 0.062058 hmax2
M4 28 7 20 0.060380 0.059291 hmax2
M4 29 7 20 0.057353 0.057620 hmax2
M4 30 7 20 0.056954 0.056826 hmax2
M4 31 7 20 0.053291 0.052629 hmax2
M4 32 7 20 0.052939 0.052897 hmax2
M4 33 7 20 0.050453 0.050373 hmax2
M4 34 7 20 0.050004 0.049400 hmax2
M4 35 7 20 0.049195 0.049000 hmax2
M4 36 7 20 0.047259 0.046642 hmax2
M4 37 7 20 0.045318 0.047128 hmax2
M4 38 7 20 0.045131 0.045089 hmax2
M4 39 7 20 0.045424 0.044755 hmax2
M4 40 7 20 0.044852 0.043034 hmax2
M4 41 7 20 0.041892 0.041986 hmax2
M4 42 7 20 0.042004 0.042589 hmax2
M4 43 7 20 0.039485 0.040878 hmax2
M4 44 7 20 0.039805 0.039006 hmax2
M4 45 7 20 0.039337 0.041454 hmax2
M4 46 7 20 0.038130 0.039166 hmax2
M4 47 7 20 0.037565 0.039104 hmax2
M4 48 7 20 0.035751 0.036283 hmax2
M4 49 7 20 0.035426 0.035670 hmax2
M4 50 7 20 0.034147 0.035255 hmax2
M4 51 7 20 0.033079 0.031590 hmax2
M4 52 7 20 0.033918 0.035338 hmax2
M4 53 7 20 0.032725 0.031570 hmax2
M4 54 7 20 0.032802 0.033801 hmax2
M4 55 7 20 0.030898 0.030408 hmax2
M4 56 7 20 0.029549 0.028758 hmax2
M4 57 7 20 0.031347 0.030733 hmax2
M4 58 7 20 0.030673 0.030215 hmax2
M4 59 7 20 0.029859 0.029123 hmax2
M4 60 7 20 0.029781 0.030028 hmax2
M4 61 7 20 0.027544 0.027710 hmax2
M4 62 7 20 0.027673 0.027944 hmax2
M4 63 7 20 0.028495 0.029948 hmax2
M4 64 7 20 0.027590 0.027476 hmax2
M4 65 7 20 0.026944 0.026623 hmax2
M4 66 7 20 0.026987 0.027633 hmax2
M4 67 7 20 0.026447 0.026361 hmax2
M4 68 7 20 0.026228 0.026014 hmax2
M4 69 7 20 0.025318 0.024123 hmax2
M4 70 7 20 0.025838 0.026115 hmax2
M4 71 7 20 0.025775 0.028571 hmax2
M4 72 7 20 0.025345 0.024134 hmax2
M4 73 7 20 0.024459 0.024476 hmax2
M4 74 7 20 0.023810 0.022899 hmax2
M4 75 7 20 0.022983 0.021495 hmax2
M4 76 7 20 0.023582 0.024418 hmax2
M4 77 7 20 0.022126 0.021116 hmax2
M4 78 7 20 0.022157 0.021348 hmax2
M4 79 7 20 0.021324 0.021419 hmax2

M4 20 8 20 0.094322 0.092817 hmax2
M4 21 8 20 0.089616 0.088796 hmax2
M4 22 8 20 0.085401 0.085797 hmax2
M4 23 8 20 0.080661 0.080120 hmax2
M4 24 8 20 0.078611 0.078964 hmax2
M4 25 8 20 0.077144 0.077114 hmax2
M4 26 8 20 0.074582 0.074418 hmax2
M4 27 8 20 0.071457 0.071073 hmax2
M4 28 8 20 0.070046 0.069200 hmax2
M4 29 8 20 0.066153 0.066401 hmax2
M4 30 8 20 0.064657 0.065183 hmax2
M4 31 8 20 0.061902 0.062085 hmax2
M4 32 8 20 0.061712 0.062954 hmax2
M4 33 8 20 0.058952 0.059328 hmax2
M4 34 8 20 0.059505 0.059621 hmax2
M4 35 8 20 0.056296 0.055632 hmax2
M4 36 8 20 0.055730 0.057036 hmax2
M4 37 8 20 0.056028 0.056403 hmax2
M4 38 8 20 0.052657 0.053078 hmax2
M4 39 8 20 0.052061 0.050738 hmax2
M4 40 8 20 0.051185 0.051418 hmax2
M4 41 8 20 0.050405 0.051352 hmax2
M4 42 8 20 0.047252 0.047116 hmax2
M4 43 8 20 0.046857 0.048689 hmax2
M4 44 8 20 0.046190 0.045723 hmax2
M4 45 8 20 0.044877 0.045003 hmax2
M4 46 8 20 0.044198 0.045150 hmax2
M4 47 8 20 0.042683 0.042105 hmax2
M4 48 8 20 0.042283 0.041982 hmax2
M4 49 8 20 0.041475 0.041457 hmax2
M4 50 8 20 0.040739 0.042468 hmax2
M4 51 8 20 0.039500 0.038939 hmax2
M4 52 8 20 0.037608 0.036952 hmax2
M4 53 8 20 0.038428 0.036950 hmax2
M4 54 8 20 0.038219 0.036973 hmax2
M4 55 8 20 0.036690 0.037641 hmax2
M4 56 8 20 0.036832 0.037546 hmax2
M4 57 8 20 0.037338 0.038105 hmax2
M4 58 8 20 0.035089 0.034438 hmax2
M4 59 8 20 0.035458 0.034623 hmax2
M4 60 8 20 0.034265 0.034327 hmax2
M4 61 8 20 0.033201 0.032976 hmax2
M4 62 8 20 0.033040 0.032608 hmax2
M4 63 8 20 0.033104 0.033866 hmax2
M4 64 8 20 0.032723 0.033190 hmax2
M4 65 8 20 0.033195 0.033344 hmax2
M4 66 8 20 0.031594 0.031209 hmax2
M4 67 8 20 0.030304 0.029537 hmax2
M4 68 8 20 0.030204 0.030080 hmax2
M4 69 8 20 0.029955 0.030423 hmax2
M4 70 8 20 0.029629 0.028787 hmax2
M4 71 8 20 0.029163 0.028956 hmax2
M4 72 8 20 0.029372 0.029777 hmax2
M4 73 8 20 0.029373 0.029708 hmax2
M4 74 8 20 0.028417 0.028503 hmax2
M4 75 8 20 0.027129 0.027871 hmax2
M4 76 8 20 0.028131 0.029507 hmax2
M4 77 8 20 0.027870 0.027796 hmax2
M4 78 8 20 0.027289 0.027639 hmax2
M4 79 8 20 0.025846 0.025606 hmax2

M4 20 9 20 0.105945 0.105734 hmax2
M4 21 9 20 0.100439 0.099818 hmax2
M4 22 9 20 0.096605 0.096738 hmax2
M4 23 9 20 0.093095 0.093127 hmax2
M4 24 9 20 0.089284 0.090179 hmax2
M4 25 9 20 0.085665 0.085401 hmax2
M4 26 9 20 0.082852 0.082547 hmax2
M4 27 9 20 0.080588 0.080671 hmax2
M4 28 9 20 0.077739 0.075793 hmax2
M4 29 9 20 0.077297 0.076510 hmax2
M4 30 9 20 0.074288 0.073569 hmax2
M4 31 9 20 0.071042 0.070958 hmax2
M4 32 9 20 0.069004 0.069656 hmax2
M4 33 9 20 0.067681 0.066463 hmax2
M4 34 9 20 0.065213 0.064961 hmax2
M4 35 9 20 0.064130 0.064372 hmax2
M4 36 9 20 0.062827 0.062066 hmax2
M4 37 9 20 0.060360 0.061329 hmax2
M4 38 9 20 0.060601 0.061193 hmax2
M4 39 9 20 0.059500 0.058917 hmax2
M4 40 9 20 0.057919 0.058209 hmax2
M4 41 9 20 0.055133 0.055084 hmax2
M4 42 9 20 0.054168 0.053763 hmax2
M4 43 9 20 0.053816 0.054202 hmax2
M4 44 9 20 0.051391 0.050762 hmax2
M4 45 9 20 0.051122 0.052288 hmax2
M4 46 9 20 0.050878 0.051563 hmax2
M4 47 9 20 0.048389 0.048143 hmax2
M4 48 9 20 0.047537 0.047453 hmax2
M4 49 9 20 0.047939 0.046624 hmax2
M4 50 9 20 0.046125 0.046459 hmax2
M4 51 9 20 0.045580 0.045647 hmax2
M4 52 9 20 0.044430 0.044558 hmax2
M4 53 9 20 0.044755 0.043412 hmax2
M4 54 9 20 0.042101 0.042429 hmax2
M4 55 9 20 0.043352 0.042485 hmax2
M4 56 9 20 0.042149 0.040459 hmax2
M4 57 9 20 0.040576 0.039047 hmax2
M4 58 9 20 0.041316 0.042192 hmax2
M4 59 9 20 0.040522 0.042891 hmax2
M4 60 9 20 0.038541 0.039439 hmax2
M4 61 9 20 0.038744 0.039226 hmax2
M4 62 9 20 0.038246 0.038957 hmax2
M4 63 9 20 0.037365 0.036309 hmax2
M4 64 9 20 0.037358 0.036846 hmax2
M4 65 9 20 0.037112 0.038132 hmax2
M4 66 9 20 0.036042 0.034859 hmax2
M4 67 9 20 0.034986 0.036704 hmax2
M4 68 9 20 0.034402 0.034081 hmax2
M4 69 9 20 0.034299 0.033806 hmax2
M4 70 9 20 0.034276 0.035475 hmax2
M4 71 9 20 0.034174 0.034299 hmax2
M4 72 9 20 0.033317 0.033779 hmax2
M4 73 9 20 0.032256 0.032630 hmax2
M4 74 9 20 0.033009 0.033731 hmax2
M4 75 9 20 0.032045 0.031197 hmax2
M4 76 9 20 0.031196 0.029928 hmax2
M4 77 9 20 0.030869 0.031463 hmax2
M4 78 9 20 0.031593 0.031195 hmax2
M4 79 9 20 0.030911 0.032931 hmax2

M4 20 10 20 0.116942 0.116146 hmax2
M4 21 10 20 0.112726 0.113113 hmax2
M4 22 10 20 0.107065 0.106645 hmax2
M4 23 10 20 0.105587 0.107077 hmax2
M4 24 10 20 0.099739 0.099077 hmax2
M4 25 10 20 0.095700 0.095590 hmax2
M4 26 10 20 0.092281 0.091011 hmax2
M4 27 10 20 0.089128 0.089741 hmax2
M4 28 10 20 0.087810 0.087559 hmax2
M4 29 10 20 0.084452 0.083740 hmax2
M4 30 10 20 0.082393 0.081853 hmax2
M4 31 10 20 0.079231 0.079641 hmax2
M4 32 10 20 0.077872 0.077454 hmax2
M4 33 10 20 0.075578 0.074737 hmax2
M4 34 10 20 0.073324 0.072056 hmax2
M4 35 10 20 0.071320 0.070714 hmax2
M4 36 10 20 0.068528 0.068191 hmax2
M4 37 10 20 0.068000 0.068694 hmax2
M4 38 10 20 0.067490 0.067662 hmax2
M4 39 10 20 0.065609 0.065392 hmax2
M4 40 10 20 0.063633 0.063981 hmax2
M4 41 10 20 0.063081 0.063276 hmax2
M4 42 10 20 0.061250 0.060524 hmax2
M4 43 10 20 0.058858 0.058930 hmax2
M4 44 10 20 0.058199 0.058067 hmax2
M4 45 10 20 0.057247 0.057537 hmax2
M4 46 10 20 0.056371 0.057254 hmax2
M4 47 10 20 0.054847 0.055336 hmax2
M4 48 10 20 0.054653 0.053248 hmax2
M4 49 10 20 0.053597 0.053752 hmax2
M4 50 10 20 0.054830 0.053211 hmax2
M4 51 10 20 0.051370 0.051431 hmax2
M4 52 10 20 0.050395 0.049927 hmax2
M4 53 10 20 0.048238 0.048633 hmax2
M4 54 10 20 0.048774 0.048946 hmax2
M4 55 10 20 0.047418 0.048477 hmax2
M4 56 10 20 0.047148 0.046378 hmax2
M4 57 10 20 0.046407 0.048106 hmax2
M4 58 10 20 0.045789 0.046348 hmax2
M4 59 10 20 0.043535 0.042851 hmax2
M4 60 10 20 0.043393 0.043169 hmax2
M4 61 10 20 0.042095 0.041514 hmax2
M4 62 10 20 0.041937 0.040864 hmax2
M4 63 10 20 0.042056 0.044232 hmax2
M4 64 10 20 0.041598 0.042556 hmax2
M4 65 10 20 0.040896 0.040535 hmax2
M4 66 10 20 0.040973 0.041018 hmax2
M4 67 10 20 0.041371 0.040405 hmax2
M4 68 10 20 0.039567 0.039593 hmax2
M4 69 10 20 0.039069 0.038642 hmax2
M4 70 10 20 0.037863 0.037329 hmax2
M4 71 10 20 0.037952 0.038893 hmax2
M4 72 10 20 0.037322 0.036049 hmax2
M4 73 10 20 0.037878 0.037303 hmax2
M4 74 10 20 0.036648 0.035312 hmax2
M4 75 10 20 0.035333 0.034788 hmax2
M4 76 10 20 0.036749 0.036606 hmax2
M4 77 10 20 0.035081 0.035887 hmax2
M4 78 10 20 0.033776 0.033313 hmax2
M4 79 10 20 0.034737 0.035152 hmax2
