#scheme channel agents used ch hmax avg Ci_value 1 2 3 4 5 6 7 8 9 10
M2 79 10 20 hmax5 0.1623545 0.001603894 0.166887 0.163264 0.160193 0.160949 0.16496 0.160061 0.161576 0.160703 0.163428 0.161524
M2 79 11 20 hmax5 0.1817988 0.001105911 0.183001 0.18076 0.179565 0.181994 0.183478 0.180605 0.182501 0.179706 0.183887 0.182491
M2 79 12 20 hmax5 0.2015764 0.001107819 0.202356 0.199275 0.200198 0.202172 0.201966 0.20068 0.203172 0.199651 0.203948 0.202346
M2 79 13 20 hmax5 0.2208616 0.001068273 0.223085 0.219827 0.219967 0.220462 0.221113 0.219951 0.222356 0.218649 0.223013 0.220193
M2 79 14 20 hmax5 0.2388314 0.000988426 0.24045 0.23834 0.237378 0.237137 0.240381 0.238133 0.239875 0.239492 0.24011 0.237018
M2 79 15 20 hmax5 0.2567194 0.000614653 0.257035 0.255856 0.257027 0.255459 0.257634 0.256182 0.257595 0.256208 0.258014 0.256184
M2 79 16 20 hmax5 0.2734917 0.0008651 0.274668 0.272315 0.273025 0.271929 0.274818 0.272604 0.27544 0.272745 0.274302 0.273071
M2 79 17 20 hmax5 0.2913564 0.00056683 0.291891 0.291047 0.290814 0.289806 0.292085 0.291825 0.292037 0.29148 0.292106 0.290473
M2 79 18 20 hmax5 0.3075327 0.000928158 0.309656 0.308879 0.306188 0.305673 0.308259 0.307938 0.308217 0.306299 0.306598 0.30762
M2 79 19 20 hmax5 0.3231109 0.000387126 0.322618 0.323501 0.323189 0.322707 0.322705 0.32215 0.32341 0.323891 0.323349 0.323589
M2 79 20 20 hmax5 0.3383887 0.000537192 0.337966 0.338803 0.338089 0.337798 0.338274 0.33769 0.339865 0.338491 0.337565 0.339346
M2 79 21 20 hmax5 0.3532728 0.000481481 0.35296 0.353372 0.352817 0.352866 0.352855 0.35245 0.35456 0.353938 0.352917 0.353993
M2 79 22 20 hmax5 0.3681053 0.000377714 0.367859 0.368348 0.36892 0.3684 0.368519 0.367664 0.368611 0.367261 0.36786 0.367611
M2 79 23 20 hmax5 0.3816799 0.000538831 0.382652 0.381442 0.381651 0.381508 0.382018 0.381379 0.38265 0.380229 0.380995 0.382275
M2 79 24 20 hmax5 0.3953877 0.000357496 0.395183 0.395611 0.395678 0.395432 0.395832 0.394889 0.396153 0.395414 0.394372 0.395313
M2 79 25 20 hmax5 0.4082911 0.00062779 0.408336 0.409307 0.4086 0.407912 0.409012 0.406687 0.409301 0.407623 0.40736 0.408773
