1 1 1 0 0 1 1 1 1 1 
0 0 1 0 0 0 1 0 0 0 
85 5 2 8 7 22 23 82 66 16 
43 27 55 47 0 25 23 56 40 21 
37 52 70 158 1 57 31 117 46 3 
54 4 63 116 1 121 5 77 77 2 
39 62 59 58 0 82 32 39 34 11 
47 6 38 32 0 22 15 0 36 3 
34 5 474 434 0 0 0 3 26 3 
45 1 339 294 2 1 2 6 32 3 
57 0 52 37 0 0 0 1 41 0 
31 4 51 40 0 0 1 2 27 2 
3 0 7 7 0 0 0 4 7 0 
1 2 8 6 0 0 1 2 5 0 
2 2 2 4 0 0 2 3 2 0 
3 1 14 7 0 0 1 2 12 0 
1 3 14 8 0 0 2 2 5 0 
4 1 7 9 0 0 1 5 6 0 
4 0 13 8 0 0 0 1 6 0 
3 5 11 6 3 0 4 4 6 0 
0 3 40 20 38 0 3 3 10 0 
1 1 58 10 42 0 1 4 6 0 
0 0 2 4 14 0 10 5 2 0 
1 19 8 7 47 0 26 7 5 0 
0 2 13 5 4 0 4 2 7 1 
0 4 7 3 6 0 7 2 3 6 
0 0 3 3 44 0 0 1 1 32 
2 1 6 4 8 0 1 2 4 7 
0 0 4 2 1 0 1 1 2 1 
0 0 3 2 0 0 7 6 3 0 
1 1 3 3 0 0 4 5 3 1 
0 0 5 2 0 0 5 5 2 0 
0 0 3 1 0 0 8 6 2 0 
0 0 6 3 0 0 4 4 3 0 
0 0 6 5 0 0 2 4 3 0 
0 0 1 5 0 0 2 5 0 0 
0 0 4 3 1 1 0 0 1 0 
0 0 7 7 0 0 0 1 1 0 
0 0 11 7 0 0 1 2 2 0 
1 1 6 5 0 0 4 4 2 0 
0 0 2 2 0 0 3 3 1 0 
1 0 6 6 0 0 0 1 2 0 
0 1 6 13 0 0 2 7 1 0 
2 0 3 4 0 0 3 4 1 0 
0 1 1 2 0 0 2 2 0 0 
2 0 5 5 0 0 0 1 1 0 
3 0 6 5 0 0 0 1 3 0 
5 2 3 7 0 0 0 4 4 1 
0 0 1 3 0 0 3 5 0 0 
0 0 0 0 0 0 1 1 0 0 
0 0 1 6 0 0 1 5 0 0 
0 0 4 2 0 0 0 1 2 0 
0 0 7 5 1 1 2 6 4 0 
0 0 1 0 0 0 0 0 1 0 
1 0 2 0 0 0 2 1 3 0 
0 0 5 7 0 0 0 5 3 0 
0 0 6 7 0 0 5 6 0 0 
0 0 2 5 0 0 0 3 0 0 
0 0 3 2 0 0 0 0 0 0 
0 0 5 3 0 0 0 1 3 0 
64 24 202 198 18 18 81 230 238 18 
32 7 5 25 0 0 71 62 48 2 
3 8 7 2 0 50 21 38 55 1 
9 3 3 1 0 40 18 27 65 0 
9 14 13 1 0 22 23 16 62 3 
15 5 4 5 0 0 18 0 59 4 
5 1 2 4 0 3 15 2 47 0 
8 0 21 1 2 1 25 3 60 0 
2 2 45 1 5 0 32 3 40 0 
4 2 13 2 0 0 25 0 56 0 
3 3 3 3 0 0 16 0 53 1 
8 1 6 2 0 1 19 1 48 1 
7 2 5 6 2 0 20 1 45 2 
4 5 2 2 0 0 19 0 45 4 
4 2 7 2 0 1 25 1 39 1 
3 0 3 3 0 0 19 0 33 0 
4 4 0 1 0 0 15 0 56 4 
5 4 3 3 0 0 21 0 62 3 
6 3 1 4 0 0 14 0 55 2 
6 1 1 2 0 1 20 1 49 1 
2 7 6 1 0 2 13 1 50 2 
3 6 3 2 0 1 18 0 49 7 
6 2 1 2 1 0 21 1 57 1 
2 6 3 1 1 0 15 1 44 6 
6 4 7 3 1 4 21 2 51 4 
13 0 3 3 0 0 20 0 67 0 
3 0 2 0 0 0 19 0 40 0 
9 0 4 3 0 1 27 0 40 1 
4 0 0 2 0 3 59 0 33 2 
7 0 3 2 1 2 48 2 36 0 
6 0 3 2 1 8 47 2 28 6 
2 2 1 4 2 0 50 0 51 2 
4 5 0 2 2 0 56 1 50 5 
1 2 2 1 0 3 54 0 51 2 
4 0 0 2 0 3 61 0 47 2 
2 0 0 0 0 4 45 0 48 3 
1 0 0 2 1 0 52 0 57 0 
6 0 0 3 23 2 55 0 58 14 
10 0 1 2 50 2 47 0 39 36 
1 1 0 1 12 0 42 2 26 9 
4 0 4 3 0 0 51 0 28 0 
8 6 0 3 0 4 50 3 36 4 
2 2 1 1 0 5 65 4 48 2 
4 2 1 2 1 0 48 1 46 1 
7 1 2 5 1 6 67 2 51 4 
7 5 3 5 0 1 30 1 51 5 
3 1 4 3 3 1 17 4 53 0 
7 5 3 6 0 7 14 5 54 1 
3 7 6 3 1 0 25 1 55 1 
6 8 3 3 2 0 16 1 50 3 
2 6 1 2 1 2 18 1 31 7 
9 4 1 5 0 3 14 3 34 3 
5 0 1 2 0 6 20 3 34 2 
7 0 2 4 2 7 13 2 42 3 
3 2 1 2 1 6 15 4 35 3 
3 3 0 0 2 4 18 3 41 5 
1 8 2 1 5 2 24 4 49 8 
2 2 0 2 2 5 7 4 39 3 
7 2 2 0 0 3 18 2 47 2 
1 0 2 2 1 14 25 5 45 5 
6 0 2 3 3 3 15 3 47 1 
11 0 0 1 1 4 13 2 51 2 
3 0 0 0 0 4 20 2 60 1 
1 0 0 8 8 3 23 2 38 3 
1 1 2 3 3 3 44 0 54 2 
6 0 0 3 3 1 54 0 52 1 
5 1 1 3 1 3 51 1 49 2 
0 1 0 3 3 2 50 0 40 3 
0 1 1 5 4 4 55 0 44 3 
6 3 1 3 0 5 49 4 42 2 
3 2 1 4 1 0 63 0 52 1 
1 4 1 3 3 0 46 0 42 3 
2 7 3 3 1 2 48 2 52 2 
3 4 3 7 5 3 52 1 58 3 
1 0 0 1 1 10 42 7 44 3 
1 0 0 1 1 12 44 5 41 4 
0 3 1 0 0 2 68 2 41 2 
3 3 0 1 3 8 37 5 55 3 
2 4 0 2 2 5 54 4 51 4 
3 3 1 4 3 3 65 1 50 3 
4 1 0 3 2 4 0 1 3 3 
2 3 0 3 1 15 0 7 0 8 
1 0 1 4 3 6 1 2 0 3 
0 7 5 0 1 5 0 1 0 3 
3 3 2 4 2 1 0 1 0 1 
4 0 0 4 1 9 0 3 0 5 
7 8 1 0 0 3 1 1 5 7 
0 9 2 0 0 4 1 3 0 6 
5 2 0 0 0 0 0 0 3 1 
1 3 2 2 1 1 0 1 1 1 
4 10 10 4 1 2 1 2 1 0 
1 1 2 0 0 3 1 2 1 1 
1 1 0 1 0 1 0 1 0 1 
1 5 3 1 0 1 2 1 0 4 
4 3 0 0 1 0 0 1 2 3 
1 2 1 0 0 1 0 1 1 1 
5 2 1 0 1 0 1 1 4 2 
3 1 0 0 0 0 0 0 3 1 
3 3 1 0 0 3 0 2 3 2 
0 3 1 0 0 0 0 0 0 2 
1 3 0 0 0 2 0 1 1 2 
1 3 1 0 0 1 0 1 1 1 
5 6 4 1 0 1 0 1 3 0 
1 8 8 1 0 2 2 2 0 0 
1 5 4 1 0 4 0 4 0 0 
1 4 0 1 0 1 0 0 0 4 
4 2 0 3 0 1 0 0 0 3 
4 4 1 5 1 1 0 1 0 2 
2 5 2 0 0 0 0 0 1 3 
1 6 4 0 0 4 0 3 1 2 
4 3 0 2 1 1 0 1 3 3 
2 3 0 2 2 1 0 1 2 2 
0 2 0 0 5 0 0 3 0 2 
4 5 0 1 1 0 0 1 1 3 
0 3 0 0 1 2 0 3 0 2 
0 4 0 0 0 6 0 5 0 3 
1 0 0 1 0 6 0 6 0 0 
2 3 0 2 40 1 0 28 0 4 
0 5 0 4 26 1 0 19 0 5 
1 0 0 1 0 16 0 2 0 8 
4 3 1 5 2 30 0 0 1 24 
1 4 0 3 2 0 0 0 0 4 
2 1 0 4 2 2 0 0 0 3 
0 4 1 1 1 3 0 1 0 2 
0 0 0 2 2 1 0 0 0 1 
0 5 32 2 21 3 0 0 0 4 
0 2 38 0 28 0 0 0 0 1 
0 3 3 0 4 5 0 0 1 6 
0 3 0 0 0 0 0 0 0 2 
0 5 0 0 0 5 0 0 0 8 
0 2 0 0 3 5 0 1 3 3 
0 3 0 0 2 1 0 1 2 3 
0 0 0 0 3 3 0 2 3 1 
1 4 1 1 4 0 0 0 3 2 
1 3 1 1 1 0 0 0 1 1 
0 0 0 0 1 1 0 0 1 1 
0 1 1 0 1 1 0 0 1 1 
1 3 3 2 6 3 0 2 1 3 
0 0 0 4 4 2 0 1 0 2 
1 0 0 2 1 4 0 0 0 4 
