0 0 0 1 0 1 0 0 0 0 
0 0 0 0 0 0 0 0 0 0 
213 223 196 254 222 242 249 181 213 208 
233 215 217 204 209 203 214 225 189 192 
234 176 208 196 173 228 190 210 191 206 
200 236 208 211 159 185 208 221 195 223 
189 219 205 241 250 228 231 220 259 246 
232 189 202 230 203 219 231 193 222 189 
185 186 198 215 177 192 223 210 191 171 
226 191 223 239 194 222 241 207 209 219 
238 229 232 248 208 197 228 247 234 214 
245 198 251 245 206 217 226 232 233 218 
245 219 216 204 202 201 203 201 188 171 
209 229 219 183 186 164 183 198 156 153 
171 192 200 171 199 168 146 160 159 184 
170 233 162 175 197 194 175 175 166 173 
165 186 180 174 190 190 171 175 148 175 
176 174 172 164 170 189 188 184 157 186 
178 173 177 169 208 178 180 156 161 204 
124 184 173 170 197 157 162 153 135 165 
161 187 203 196 197 201 188 197 147 174 
167 184 201 195 203 167 196 183 165 182 
180 210 186 189 174 169 201 134 166 149 
204 206 196 173 203 156 191 201 161 152 
179 190 185 194 174 169 173 157 178 178 
228 187 178 188 167 173 181 174 190 190 
213 189 217 183 152 145 171 185 166 200 
175 200 208 166 165 162 197 184 195 158 
179 159 208 159 157 155 161 182 186 180 
183 168 157 215 158 194 152 141 178 165 
167 178 156 195 161 147 157 163 211 188 
175 168 164 161 141 184 139 151 181 184 
179 131 170 185 156 159 145 165 182 180 
172 137 170 192 153 183 152 158 203 176 
175 118 170 173 137 189 153 143 182 166 
165 126 152 184 164 177 151 139 180 164 
157 124 182 172 179 174 182 151 212 166 
171 165 153 174 156 196 158 181 196 201 
191 205 168 196 162 196 186 180 192 156 
152 211 171 190 188 185 197 160 178 169 
193 200 158 197 182 173 190 180 147 181 
195 177 198 162 170 177 175 150 180 187 
169 178 173 174 211 165 175 155 195 184 
187 159 201 163 174 139 160 150 168 149 
194 197 168 150 174 179 190 159 168 153 
211 175 163 203 175 193 186 162 188 163 
199 180 166 213 186 191 190 176 189 141 
168 188 167 218 188 169 191 150 193 148 
140 212 169 190 171 185 151 168 185 151 
150 165 155 184 166 148 160 153 177 143 
135 163 157 184 190 155 170 148 180 177 
168 140 157 198 178 161 183 168 187 150 
165 156 179 142 183 151 176 182 155 143 
132 171 175 188 172 146 179 191 166 164 
141 165 172 187 158 145 169 167 181 173 
156 174 160 175 148 154 196 198 182 171 
160 153 178 183 140 160 158 180 174 164 
198 196 157 192 173 188 169 173 186 175 
204 196 176 201 156 191 182 201 190 179 
197 192 159 197 185 205 184 172 180 194 
399 499 402 453 347 314 310 284 429 337 
462 468 556 500 284 295 255 359 371 394 
347 439 365 225 244 229 227 339 224 472 
269 271 244 249 235 249 244 230 234 275 
292 274 270 255 236 231 258 217 252 233 
280 246 255 252 227 219 218 206 228 231 
271 194 239 264 229 220 266 214 237 235 
272 200 225 260 205 215 240 223 211 248 
256 269 215 276 223 213 221 199 243 203 
262 211 231 261 244 212 208 205 244 214 
261 240 203 281 232 214 236 218 268 220 
264 270 159 289 241 220 214 203 255 227 
234 257 225 285 254 209 227 188 267 188 
199 215 256 226 256 209 224 213 254 221 
225 235 216 265 234 212 224 240 252 231 
220 213 213 256 219 207 244 230 230 207 
218 234 220 249 233 211 234 207 221 208 
238 233 250 232 248 223 256 226 236 215 
236 250 243 259 216 217 267 262 219 215 
241 229 204 223 222 235 257 202 232 209 
211 243 203 248 207 222 216 201 224 211 
242 210 227 210 211 203 226 229 206 234 
242 243 228 248 216 231 227 211 245 233 
223 231 229 214 228 237 217 209 205 199 
206 245 223 243 221 241 225 201 189 223 
217 252 227 262 244 243 240 212 208 217 
248 224 210 230 220 263 238 229 225 218 
255 237 234 236 226 271 226 236 226 210 
254 224 226 239 244 240 221 236 246 199 
260 233 248 240 252 254 242 238 241 212 
267 249 208 270 236 233 200 221 228 213 
274 261 225 235 220 220 215 251 205 211 
274 232 240 214 224 220 229 238 219 205 
239 214 232 242 251 215 232 222 203 214 
230 237 261 225 220 206 218 228 234 217 
226 241 224 216 218 208 200 215 217 202 
227 253 228 249 235 224 215 236 224 236 
203 244 255 204 212 214 191 207 223 200 
234 233 251 258 214 215 208 227 246 228 
247 266 256 246 221 224 220 220 228 219 
260 229 276 234 234 251 218 219 232 216 
260 264 239 286 230 225 239 190 242 227 
250 235 226 248 262 207 234 217 254 251 
267 228 229 255 271 226 225 236 261 214 
255 223 214 228 224 219 215 233 229 250 
254 245 235 227 272 209 235 253 250 249 
243 241 235 249 259 225 227 242 245 246 
207 241 230 270 221 223 237 215 214 234 
227 230 213 242 203 214 237 246 206 247 
260 220 220 239 204 219 218 217 206 226 
256 226 200 251 226 250 208 216 222 237 
258 224 228 211 240 224 203 218 227 240 
265 217 213 188 213 237 221 233 216 218 
209 221 207 213 223 252 230 231 217 233 
195 220 252 244 218 222 238 224 224 210 
213 261 226 233 249 229 238 235 217 221 
213 235 258 215 245 240 248 223 206 185 
232 281 225 245 205 226 233 235 221 204 
248 231 237 255 235 216 224 210 214 245 
252 229 224 239 263 220 265 218 230 223 
255 230 208 260 248 231 233 262 202 202 
233 265 229 256 252 221 210 239 229 243 
240 223 235 226 235 226 183 228 229 207 
252 211 261 246 199 210 191 229 203 231 
247 264 252 230 213 208 234 206 230 242 
224 268 242 213 244 224 231 214 192 214 
227 260 256 245 243 224 230 226 182 222 
232 270 254 213 233 220 243 214 231 219 
258 194 251 221 236 219 256 203 231 226 
236 260 221 230 233 233 244 228 233 225 
242 220 230 266 217 231 226 216 221 221 
248 225 250 228 248 245 218 206 236 224 
206 249 252 228 238 230 220 238 218 181 
237 260 260 234 240 230 224 222 251 217 
243 294 223 239 237 242 238 222 219 268 
236 244 216 223 234 215 219 220 227 265 
227 234 217 238 241 231 236 218 244 190 
270 258 225 223 239 220 239 203 245 253 
244 256 230 222 225 234 224 196 229 220 
235 233 238 231 240 208 242 201 248 232 
262 258 235 220 243 187 230 232 241 228 
277 258 270 255 219 246 220 241 223 220 
224 255 232 231 235 214 238 221 209 235 
252 226 240 241 232 220 240 228 237 213 
237 226 240 242 230 206 266 189 200 181 
256 252 259 252 221 204 253 213 207 222 
277 235 224 248 234 230 242 258 230 217 
295 228 222 266 199 229 236 239 239 229 
192 182 181 195 157 204 176 179 181 178 
224 199 256 251 207 227 240 206 207 159 
189 176 198 156 174 163 179 175 166 181 
188 141 168 153 173 170 166 166 172 151 
165 131 176 161 166 167 141 166 172 163 
195 150 185 160 147 157 145 146 158 158 
181 141 166 137 150 173 151 147 176 140 
166 150 179 142 151 157 175 138 165 149 
173 151 180 153 143 156 163 138 164 159 
188 149 160 168 131 164 176 146 165 133 
174 132 188 159 149 156 158 145 157 121 
186 140 171 155 168 166 154 162 140 122 
178 130 184 139 132 156 153 134 146 137 
180 143 181 167 143 174 162 142 154 136 
174 125 171 144 141 167 164 134 166 133 
177 170 178 176 143 191 163 143 168 132 
190 155 198 155 131 172 135 151 157 131 
150 149 180 135 160 165 152 150 158 142 
146 154 204 142 160 164 161 148 153 135 
148 132 178 132 143 150 171 154 167 154 
173 149 186 164 140 159 172 144 167 157 
158 169 166 135 149 161 164 151 139 166 
167 191 131 150 135 150 168 136 168 150 
155 193 139 160 142 156 156 154 179 154 
152 163 127 133 172 119 150 159 160 147 
161 159 136 133 140 136 160 158 127 136 
153 148 137 149 126 126 177 160 150 132 
174 166 136 157 146 145 191 154 135 149 
166 183 128 164 142 148 171 176 137 160 
154 160 136 202 136 151 183 141 149 172 
141 168 156 166 170 142 184 137 145 141 
172 189 153 184 175 171 173 125 162 170 
189 178 164 145 181 195 166 143 153 184 
190 210 149 159 163 191 179 160 162 191 
169 198 159 210 194 170 127 194 176 197 
176 203 178 194 201 186 197 172 235 199 
141 176 169 199 211 176 209 188 198 174 
189 173 215 175 189 138 163 200 181 168 
153 159 155 175 170 188 165 192 158 155 
190 151 154 196 171 172 182 204 166 176 
175 141 144 166 167 143 169 162 142 147 
159 163 162 173 181 133 167 160 159 164 
161 161 160 210 199 160 165 192 162 180 
151 149 169 215 179 171 154 166 145 156 
150 151 157 210 168 180 149 139 105 160 
147 181 133 208 145 144 180 176 162 138 
149 168 178 187 157 178 173 174 183 143 
154 165 144 168 165 159 153 140 175 127 
135 169 178 183 154 173 165 131 172 139 
182 167 166 171 161 175 163 167 195 142 
170 165 172 130 130 164 155 140 174 151 
168 162 159 143 156 177 132 155 171 145 
