1 1 1 0 0 1 1 1 1 0 
0 0 1 1 0 0 1 0 0 0 
13 8 293 293 7 56 26 10 8 25 
1 48 38 77 0 100 0 59 45 35 
0 75 52 10 0 25 0 57 44 0 
7 0 5 0 0 72 3 60 11 0 
10 3 8 0 0 12 3 11 7 0 
1 4 5 0 0 3 5 4 2 0 
6 5 7 0 0 4 3 9 6 0 
1 3 14 2 0 4 8 0 2 0 
0 9 11 3 0 3 3 2 2 0 
0 5 6 5 0 4 0 0 1 0 
0 0 11 2 0 2 3 0 4 0 
2 0 5 4 0 3 5 4 3 0 
1 0 7 5 0 4 4 3 5 0 
0 1 6 0 0 0 0 4 8 0 
0 5 4 0 0 0 0 3 2 0 
0 0 0 0 0 0 0 3 3 0 
0 1 1 0 0 0 0 2 2 0 
1 0 0 1 0 0 0 0 0 0 
0 0 0 0 0 0 0 0 0 0 
1 0 0 0 0 0 0 1 0 0 
0 0 0 0 0 0 0 0 0 0 
0 0 0 0 0 0 0 0 0 0 
1 1 1 0 0 0 1 1 1 0 
0 0 0 0 0 0 0 0 0 0 
0 0 0 0 0 0 0 1 1 0 
0 0 0 0 0 0 0 0 0 0 
0 0 0 0 0 0 0 1 1 0 
0 0 0 0 0 0 0 0 0 0 
0 0 0 0 0 0 0 0 0 0 
0 0 0 0 0 0 0 1 1 0 
1 1 1 0 0 0 1 1 0 1 
0 0 0 0 0 0 0 0 0 0 
2 34 0 0 0 0 0 1 0 26 
0 75 1 0 0 0 0 0 0 51 
0 2 2 0 0 0 0 0 0 0 
0 1 1 0 0 0 0 0 0 0 
1 0 0 0 0 0 0 3 1 0 
0 0 0 0 0 0 0 1 1 0 
1 0 0 0 0 0 0 4 2 0 
0 2 0 0 0 0 0 6 5 1 
0 0 0 0 0 0 0 3 3 0 
0 1 0 0 0 0 0 7 6 1 
0 0 0 0 0 0 0 2 2 0 
0 1 1 0 0 0 0 3 3 0 
0 2 0 0 0 0 1 0 1 1 
2 0 0 1 0 0 4 2 5 0 
0 1 0 0 0 0 0 2 1 1 
1 1 0 1 0 0 0 0 0 1 
2 0 0 2 0 0 0 1 1 0 
1 1 1 1 0 0 0 7 7 0 
0 0 0 0 0 0 0 4 3 0 
8 0 0 4 0 0 0 0 0 0 
3 1 0 3 0 0 0 0 0 1 
0 0 0 0 0 0 0 0 0 0 
0 0 0 0 0 0 0 0 0 0 
0 0 0 0 0 0 0 0 0 0 
0 0 0 0 0 0 0 0 0 0 
0 0 0 0 0 0 1 1 1 0 
19 49 63 23 21 20 213 237 198 9 
3 65 75 4 2 0 44 42 56 0 
3 1 59 8 5 0 2 42 47 0 
18 11 151 11 146 8 24 61 52 81 
7 4 119 8 185 2 77 60 76 142 
6 2 111 4 81 0 67 50 79 58 
4 7 76 2 3 0 5 45 50 4 
8 2 109 3 3 0 35 57 57 4 
7 5 128 3 0 0 44 55 56 3 
2 9 71 0 3 0 4 39 54 4 
28 6 44 3 3 0 2 63 37 5 
71 2 2 1 0 0 10 70 8 2 
18 1 3 4 0 0 8 36 5 1 
7 6 3 3 0 0 3 26 3 4 
7 1 3 1 0 0 8 28 4 1 
4 0 2 2 0 0 5 30 9 0 
1 2 3 1 0 0 5 34 4 0 
2 3 6 1 0 0 13 52 11 2 
4 9 4 1 0 0 11 50 8 6 
1 3 7 0 0 0 8 47 24 1 
2 4 4 1 0 0 2 47 38 0 
2 1 9 0 0 0 11 39 10 0 
13 3 9 1 0 0 9 50 3 0 
16 3 10 4 0 0 12 42 8 0 
6 0 4 1 0 0 51 20 37 0 
3 0 1 1 0 0 74 20 54 0 
4 1 2 1 0 0 23 43 65 0 
7 1 1 3 0 0 4 44 39 0 
3 0 0 1 0 0 11 57 55 0 
2 0 1 2 0 0 26 43 48 0 
5 2 0 2 0 0 74 54 48 1 
6 0 1 2 0 0 63 56 86 0 
4 0 0 0 0 0 91 50 111 0 
6 0 63 0 0 0 6 52 51 0 
6 4 294 2 0 0 3 54 264 0 
7 5 62 4 5 4 10 49 108 1 
1 13 13 0 0 0 10 50 12 0 
0 4 7 0 0 0 2 51 5 0 
0 34 2 0 0 0 14 42 2 25 
0 46 3 0 0 0 23 50 2 30 
1 5 8 0 0 0 24 55 2 0 
0 3 5 0 0 0 35 54 3 0 
0 1 7 0 0 0 25 50 5 0 
0 1 15 0 0 0 20 44 10 0 
0 1 1 0 0 0 23 56 0 0 
3 2 6 1 0 0 32 38 3 0 
0 3 4 0 0 0 34 45 1 0 
0 1 11 0 0 0 23 37 7 0 
1 1 5 1 0 0 29 44 5 0 
1 4 3 0 0 0 27 56 0 0 
0 6 7 0 0 0 19 42 4 0 
1 4 4 0 0 0 31 51 6 0 
1 0 0 0 0 0 31 20 3 0 
3 2 1 0 0 0 39 37 9 0 
1 1 1 0 0 0 51 30 1 0 
3 0 0 2 0 0 56 28 4 0 
1 0 0 0 0 0 39 34 1 0 
8 0 0 1 0 0 45 22 2 0 
9 0 0 0 0 0 54 30 4 0 
10 0 0 0 0 0 53 32 1 0 
6 1 0 3 0 0 48 38 4 1 
5 0 0 4 0 0 56 57 1 0 
5 0 4 0 0 0 43 53 7 0 
2 0 2 0 0 0 48 48 1 0 
3 3 4 0 0 0 44 46 1 0 
3 5 2 0 0 0 38 45 0 2 
6 2 3 2 0 0 40 57 3 2 
4 7 3 0 0 0 54 61 3 6 
5 0 4 1 0 0 47 58 4 0 
2 0 5 1 0 0 46 57 5 0 
0 1 8 0 0 0 39 48 6 0 
1 1 1 0 0 0 57 46 0 0 
2 2 1 0 0 0 54 56 1 1 
3 1 0 1 0 0 39 38 0 1 
41 1 1 0 0 0 47 74 0 0 
51 5 4 0 0 0 54 58 0 0 
0 5 4 0 0 0 46 49 0 0 
0 6 9 0 0 0 38 37 3 0 
0 2 3 0 0 0 41 56 3 0 
0 1 6 0 0 0 42 39 4 0 
0 0 3 0 0 0 0 0 2 0 
1 0 0 0 0 0 0 1 0 0 
0 0 2 0 0 0 0 0 2 0 
0 0 2 0 0 0 1 0 2 0 
2 1 4 1 0 0 0 0 4 1 
1 0 2 0 0 0 0 1 2 0 
0 0 4 0 0 0 1 0 3 0 
1 0 1 0 0 0 0 1 1 0 
0 1 0 0 0 0 0 0 0 1 
0 0 0 0 0 0 1 0 1 0 
1 1 0 0 0 0 0 1 0 1 
0 0 0 0 0 0 0 0 0 0 
0 1 1 0 0 0 0 0 1 1 
1 0 0 0 0 0 0 1 0 0 
0 0 0 0 0 0 0 0 0 0 
0 0 0 0 0 0 0 0 0 0 
0 0 0 0 0 0 0 0 0 0 
2 1 1 1 0 0 0 1 0 0 
0 1 0 0 0 0 0 0 0 1 
0 1 0 0 1 1 0 0 0 1 
0 1 0 0 0 0 0 0 0 1 
2 0 0 1 0 0 1 0 1 0 
0 2 3 0 0 0 1 0 2 0 
0 0 0 0 0 0 1 0 1 0 
0 0 0 0 0 0 0 0 0 0 
0 0 0 0 0 0 1 0 1 0 
2 2 2 0 0 0 0 2 0 0 
0 0 2 0 0 0 1 0 3 0 
2 1 6 1 0 0 0 0 3 0 
0 0 3 0 0 0 0 0 3 0 
0 0 4 0 0 0 0 0 3 0 
0 0 2 0 0 0 0 0 2 0 
0 1 2 0 0 0 0 0 1 1 
1 0 2 1 0 0 0 0 2 0 
1 1 2 1 0 0 0 0 1 1 
0 0 2 0 0 0 0 0 2 0 
0 0 5 0 0 0 1 0 6 0 
0 0 1 0 0 0 0 0 1 0 
0 0 0 0 0 0 0 0 0 0 
0 0 1 0 0 0 0 0 1 0 
0 0 0 0 0 0 0 0 0 0 
1 0 0 1 0 0 1 0 1 0 
0 1 1 0 0 0 2 0 2 0 
0 0 0 0 0 0 0 0 0 0 
0 0 1 0 0 0 0 0 1 0 
0 0 0 0 0 0 4 0 3 0 
0 1 1 0 0 0 1 0 1 0 
0 0 0 0 0 0 0 0 0 0 
0 0 1 0 0 0 0 0 1 0 
0 0 0 0 0 0 0 0 0 0 
0 0 0 0 0 0 0 0 0 0 
0 0 0 0 0 0 0 0 0 0 
0 0 0 0 0 0 0 0 0 0 
0 0 0 0 0 0 0 0 0 0 
0 0 0 0 0 0 1 0 1 0 
0 0 0 0 1 1 0 0 0 0 
0 0 0 0 0 0 0 0 0 0 
0 0 0 0 0 0 1 0 1 0 
0 1 0 0 0 0 0 0 0 1 
0 0 0 0 0 0 0 0 0 0 
