200.00 122.00 129.00 120.00 131.00 123.00 130.00 122.00 130.00 123.00 127.00 122.00 128.00 123.00 128.00 126.00 127.00 123.00 130.00 124.00 129.00 124.00 130.00 124.00 127.00 123.00 127.00 123.00 128.00 122.00 130.00 124.00 129.00 123.00 128.00 124.00 128.00 123.00 128.00 124.00 128.00 124.00 125.00 125.00 125.00 125.00 124.00 126.00 124.00 127.00 123.00 126.00 127.00 125.00 126.00 126.00 124.00 125.00 127.00 128.00 125.00 126.00 127.00 128.00 126.00 127.00 125.00 127.00 125.00 126.00 124.00 126.00 123.00 126.00 120.00 129.00 123.00 128.00 123.00 
986.00 78.00 77.00 86.00 723.00 88.00 68.00 73.00 76.00 79.00 65.00 68.00 66.00 69.00 63.00 125.00 67.00 67.00 64.00 70.00 64.00 66.00 65.00 71.00 68.00 75.00 78.00 85.00 487.00 84.00 201.00 615.00 89.00 79.00 84.00 983.00 85.00 76.00 74.00 424.00 80.00 69.00 74.00 68.00 70.00 64.00 67.00 62.00 69.00 63.00 68.00 66.00 65.00 67.00 69.00 73.00 71.00 71.00 70.00 477.00 71.00 68.00 73.00 69.00 69.00 63.00 67.00 64.00 66.00 64.00 70.00 67.00 69.00 65.00 74.00 71.00 65.00 72.00 79.00 
592.00 20.00 18.00 13.00 901.00 11.00 16.00 15.00 17.00 18.00 12.00 15.00 18.00 13.00 17.00 892.00 15.00 336.00 24.00 9.00 21.00 6.00 9.00 11.00 14.00 27.00 33.00 30.00 910.00 34.00 921.00 947.00 43.00 42.00 43.00 927.00 38.00 28.00 25.00 915.00 42.00 18.00 761.00 20.00 21.00 12.00 7.00 15.00 3.00 6.00 3.00 3.00 3.00 3.00 13.00 7.00 10.00 21.00 11.00 898.00 9.00 15.00 15.00 9.00 9.00 2.00 2.00 2.00 3.00 2.00 2.00 2.00 2.00 2.00 7.00 13.00 6.00 7.00 18.00 
0.00 0.00 0.00 1.00 0.00 1.00 12.00 8.00 14.00 15.00 17.00 904.00 26.00 26.00 33.00 597.00 17.00 904.00 16.00 16.00 21.00 15.00 18.00 9.00 17.00 382.00 34.00 34.00 241.00 696.00 567.00 930.00 34.00 34.00 39.00 927.00 21.00 19.00 22.00 326.00 18.00 13.00 895.00 16.00 22.00 12.00 15.00 18.00 4.00 305.00 4.00 4.00 5.00 5.00 24.00 18.00 20.00 22.00 601.00 911.00 17.00 17.00 13.00 16.00 10.00 1.00 0.00 0.00 0.00 0.00 0.00 0.00 0.00 0.00 0.00 0.00 0.00 0.00 1.00 
0.00 0.00 0.00 0.00 1.00 0.00 6.00 5.00 2.00 7.00 3.00 653.00 11.00 12.00 15.00 10.00 21.00 330.00 256.00 6.00 20.00 17.00 15.00 13.00 20.00 901.00 36.00 44.00 51.00 908.00 43.00 786.00 589.00 31.00 175.00 678.00 31.00 269.00 25.00 19.00 21.00 15.00 915.00 9.00 18.00 12.00 18.00 9.00 12.00 917.00 11.00 7.00 12.00 20.00 26.00 29.00 20.00 15.00 909.00 905.00 16.00 24.00 18.00 20.00 9.00 1.00 0.00 1.00 2.00 0.00 0.00 0.00 0.00 0.00 0.00 0.00 0.00 0.00 0.00 
0.00 0.00 0.00 0.00 0.00 0.00 0.00 0.00 1.00 0.00 0.00 1.00 1.00 11.00 9.00 6.00 6.00 14.00 922.00 20.00 23.00 20.00 620.00 39.00 17.00 294.00 24.00 28.00 898.00 30.00 40.00 27.00 940.00 44.00 919.00 21.00 28.00 936.00 27.00 31.00 18.00 24.00 910.00 10.00 21.00 18.00 16.00 15.00 11.00 893.00 10.00 19.00 15.00 19.00 36.00 26.00 17.00 13.00 912.00 905.00 17.00 25.00 22.00 16.00 12.00 2.00 0.00 1.00 0.00 0.00 0.00 0.00 0.00 0.00 0.00 0.00 0.00 0.00 0.00 
2.00 1.00 2.00 1.00 2.00 1.00 2.00 2.00 2.00 1.00 2.00 1.00 6.00 7.00 8.00 15.00 9.00 558.00 404.00 19.00 22.00 20.00 904.00 35.00 33.00 21.00 22.00 419.00 918.00 19.00 20.00 21.00 101.00 28.00 523.00 13.00 19.00 934.00 30.00 27.00 39.00 534.00 909.00 18.00 18.00 30.00 20.00 21.00 14.00 904.00 15.00 11.00 14.00 27.00 32.00 12.00 22.00 20.00 1097.00 668.00 26.00 284.00 14.00 31.00 10.00 6.00 8.00 3.00 3.00 3.00 0.00 2.00 0.00 2.00 1.00 2.00 2.00 2.00 2.00 
0.00 0.00 0.00 0.00 0.00 0.00 0.00 1.00 0.00 0.00 0.00 0.00 12.00 12.00 6.00 11.00 9.00 908.00 13.00 22.00 18.00 11.00 51.00 26.00 912.00 20.00 26.00 916.00 920.00 35.00 23.00 23.00 31.00 24.00 9.00 6.00 20.00 919.00 14.00 15.00 20.00 921.00 307.00 15.00 25.00 23.00 24.00 615.00 11.00 91.00 6.00 8.00 11.00 13.00 15.00 8.00 25.00 23.00 896.00 25.00 30.00 896.00 31.00 24.00 26.00 833.00 22.00 16.00 9.00 12.00 5.00 1.00 0.00 0.00 0.00 0.00 0.00 0.00 0.00 
0.00 0.00 0.00 0.00 0.00 0.00 0.00 0.00 0.00 0.00 0.00 2.00 10.00 17.00 11.00 9.00 11.00 891.00 12.00 22.00 13.00 20.00 21.00 27.00 692.00 25.00 255.00 256.00 898.00 38.00 28.00 20.00 21.00 17.00 660.00 19.00 23.00 165.00 31.00 787.00 763.00 163.00 34.00 41.00 19.00 19.00 12.00 883.00 15.00 12.00 13.00 12.00 23.00 15.00 15.00 18.00 26.00 529.00 901.00 23.00 33.00 400.00 34.00 29.00 15.00 730.00 15.00 167.00 10.00 12.00 11.00 4.00 1.00 1.00 1.00 0.00 0.00 0.00 0.00 
0.00 0.00 0.00 0.00 0.00 0.00 0.00 0.00 0.00 0.00 1.00 0.00 9.00 8.00 4.00 9.00 8.00 920.00 6.00 8.00 15.00 24.00 13.00 13.00 20.00 21.00 897.00 18.00 928.00 42.00 30.00 30.00 28.00 17.00 884.00 38.00 29.00 26.00 31.00 808.00 812.00 121.00 32.00 24.00 25.00 19.00 9.00 910.00 12.00 13.00 116.00 8.00 14.00 20.00 21.00 20.00 19.00 903.00 929.00 19.00 20.00 20.00 25.00 18.00 11.00 11.00 11.00 916.00 7.00 8.00 7.00 6.00 8.00 0.00 0.00 0.00 0.00 1.00 0.00 
1.00 2.00 1.00 2.00 1.00 2.00 2.00 2.00 1.00 3.00 0.00 2.00 9.00 9.00 5.00 12.00 10.00 917.00 14.00 12.00 11.00 22.00 35.00 29.00 15.00 13.00 903.00 911.00 149.00 32.00 30.00 39.00 27.00 792.00 7.00 8.00 16.00 19.00 23.00 11.00 20.00 898.00 18.00 17.00 26.00 35.00 31.00 925.00 22.00 22.00 899.00 18.00 21.00 22.00 15.00 18.00 6.00 363.00 211.00 21.00 22.00 15.00 20.00 1152.00 15.00 23.00 25.00 502.00 26.00 11.00 441.00 10.00 10.00 7.00 3.00 4.00 4.00 1.00 2.00 
0.00 0.00 0.00 0.00 0.00 0.00 0.00 0.00 0.00 0.00 2.00 0.00 9.00 10.00 10.00 10.00 10.00 891.00 15.00 10.00 9.00 31.00 18.00 20.00 29.00 15.00 903.00 663.00 20.00 25.00 29.00 29.00 18.00 907.00 252.00 20.00 32.00 18.00 18.00 12.00 370.00 537.00 26.00 13.00 19.00 23.00 21.00 924.00 17.00 14.00 540.00 17.00 26.00 19.00 21.00 24.00 381.00 911.00 86.00 25.00 18.00 34.00 15.00 833.00 11.00 22.00 15.00 20.00 20.00 10.00 908.00 11.00 6.00 10.00 13.00 5.00 0.00 0.00 0.00 
0.00 0.00 0.00 0.00 0.00 0.00 0.00 0.00 1.00 0.00 2.00 0.00 15.00 12.00 8.00 9.00 7.00 893.00 13.00 16.00 16.00 22.00 18.00 5.00 762.00 8.00 167.00 5.00 20.00 32.00 17.00 21.00 20.00 912.00 918.00 27.00 31.00 29.00 30.00 18.00 899.00 11.00 15.00 18.00 18.00 23.00 5.00 911.00 11.00 12.00 9.00 12.00 20.00 18.00 23.00 19.00 909.00 448.00 930.00 36.00 36.00 513.00 26.00 10.00 7.00 13.00 14.00 12.00 13.00 9.00 894.00 8.00 15.00 10.00 10.00 8.00 0.00 1.00 0.00 
0.00 0.00 1.00 0.00 0.00 0.00 0.00 0.00 0.00 0.00 0.00 0.00 10.00 11.00 13.00 8.00 9.00 916.00 4.00 16.00 18.00 15.00 15.00 18.00 911.00 14.00 9.00 19.00 390.00 29.00 17.00 16.00 24.00 537.00 910.00 36.00 24.00 19.00 24.00 18.00 888.00 20.00 20.00 17.00 24.00 24.00 12.00 890.00 10.00 33.00 12.00 19.00 14.00 6.00 10.00 13.00 298.00 20.00 915.00 25.00 18.00 927.00 17.00 17.00 22.00 18.00 24.00 16.00 20.00 15.00 889.00 627.00 19.00 14.00 16.00 13.00 5.00 0.00 2.00 
0.00 0.00 0.00 0.00 0.00 0.00 0.00 0.00 0.00 1.00 1.00 0.00 12.00 2.00 11.00 6.00 7.00 925.00 5.00 19.00 24.00 21.00 12.00 25.00 907.00 19.00 19.00 18.00 908.00 33.00 14.00 14.00 25.00 19.00 911.00 24.00 15.00 22.00 18.00 15.00 901.00 9.00 24.00 24.00 32.00 32.00 18.00 889.00 20.00 905.00 21.00 20.00 23.00 21.00 17.00 8.00 22.00 19.00 931.00 25.00 20.00 904.00 16.00 13.00 10.00 12.00 17.00 9.00 10.00 13.00 11.00 904.00 14.00 13.00 5.00 10.00 5.00 1.00 0.00 
1.00 0.00 0.00 0.00 0.00 0.00 0.00 1.00 0.00 0.00 0.00 0.00 8.00 13.00 6.00 13.00 3.00 909.00 10.00 20.00 13.00 12.00 374.00 15.00 571.00 18.00 25.00 22.00 275.00 661.00 16.00 21.00 18.00 32.00 906.00 22.00 20.00 16.00 19.00 20.00 894.00 10.00 21.00 16.00 27.00 28.00 22.00 899.00 15.00 647.00 23.00 22.00 28.00 17.00 565.00 11.00 19.00 26.00 360.00 19.00 12.00 816.00 20.00 18.00 100.00 282.00 11.00 14.00 15.00 9.00 19.00 44.00 861.00 13.00 9.00 9.00 10.00 9.00 0.00 
0.00 0.00 1.00 0.00 0.00 0.00 1.00 4.00 1.00 6.00 1.00 225.00 10.00 14.00 13.00 8.00 11.00 915.00 21.00 29.00 16.00 13.00 904.00 9.00 25.00 19.00 16.00 17.00 14.00 907.00 15.00 24.00 18.00 21.00 927.00 16.00 19.00 16.00 20.00 20.00 910.00 8.00 23.00 19.00 11.00 24.00 9.00 891.00 8.00 19.00 20.00 25.00 26.00 14.00 894.00 9.00 13.00 15.00 10.00 20.00 13.00 28.00 13.00 12.00 921.00 895.00 23.00 28.00 22.00 28.00 24.00 11.00 679.00 7.00 9.00 7.00 6.00 10.00 0.00 
0.00 0.00 0.00 0.00 0.00 0.00 6.00 7.00 8.00 10.00 8.00 911.00 21.00 17.00 21.00 23.00 21.00 894.00 18.00 26.00 20.00 13.00 329.00 9.00 598.00 21.00 19.00 24.00 18.00 35.00 894.00 14.00 19.00 22.00 908.00 36.00 11.00 21.00 23.00 16.00 903.00 16.00 19.00 22.00 22.00 20.00 8.00 899.00 12.00 21.00 27.00 25.00 17.00 12.00 895.00 5.00 12.00 10.00 6.00 23.00 11.00 17.00 10.00 25.00 913.00 376.00 25.00 19.00 550.00 14.00 10.00 4.00 5.00 4.00 1.00 0.00 0.00 1.00 0.00 
0.00 0.00 0.00 0.00 0.00 0.00 7.00 3.00 2.00 2.00 7.00 443.00 11.00 15.00 9.00 14.00 10.00 905.00 10.00 26.00 19.00 24.00 13.00 11.00 895.00 25.00 19.00 22.00 254.00 34.00 684.00 17.00 13.00 16.00 909.00 23.00 29.00 21.00 21.00 23.00 894.00 7.00 17.00 23.00 19.00 19.00 5.00 907.00 12.00 21.00 19.00 19.00 15.00 16.00 898.00 6.00 15.00 11.00 7.00 16.00 14.00 9.00 12.00 19.00 899.00 19.00 25.00 29.00 920.00 20.00 10.00 20.00 478.00 14.00 6.00 5.00 6.00 13.00 0.00 
0.00 0.00 1.00 0.00 0.00 0.00 0.00 1.00 0.00 0.00 0.00 1.00 9.00 12.00 6.00 10.00 8.00 910.00 23.00 20.00 14.00 20.00 856.00 17.00 78.00 21.00 21.00 16.00 908.00 29.00 15.00 14.00 24.00 18.00 893.00 23.00 15.00 28.00 23.00 17.00 902.00 12.00 22.00 14.00 18.00 16.00 12.00 910.00 6.00 19.00 26.00 8.00 13.00 13.00 922.00 16.00 12.00 18.00 17.00 605.00 7.00 9.00 17.00 21.00 322.00 9.00 14.00 20.00 927.00 30.00 16.00 18.00 908.00 15.00 7.00 3.00 10.00 13.00 2.00 
0.00 0.00 3.00 0.00 1.00 0.00 8.00 19.00 17.00 21.00 22.00 726.00 730.00 18.00 23.00 14.00 16.00 186.00 12.00 12.00 9.00 6.00 716.00 196.00 21.00 17.00 24.00 28.00 915.00 14.00 21.00 23.00 17.00 15.00 897.00 14.00 18.00 25.00 19.00 25.00 194.00 716.00 14.00 18.00 18.00 16.00 27.00 901.00 10.00 16.00 25.00 13.00 23.00 433.00 494.00 11.00 18.00 23.00 17.00 907.00 20.00 15.00 10.00 18.00 15.00 12.00 8.00 11.00 900.00 9.00 13.00 17.00 179.00 15.00 2.00 6.00 3.00 4.00 1.00 
1.00 1.00 1.00 1.00 78.00 4.00 12.00 14.00 9.00 24.00 18.00 839.00 826.00 105.00 17.00 15.00 17.00 10.00 13.00 16.00 15.00 10.00 8.00 914.00 18.00 26.00 10.00 20.00 912.00 18.00 18.00 14.00 21.00 18.00 909.00 21.00 21.00 17.00 12.00 14.00 6.00 899.00 14.00 27.00 21.00 14.00 16.00 912.00 18.00 17.00 21.00 26.00 16.00 909.00 21.00 23.00 11.00 17.00 22.00 899.00 7.00 11.00 12.00 19.00 20.00 9.00 8.00 10.00 902.00 13.00 12.00 11.00 6.00 11.00 0.00 0.00 1.00 0.00 2.00 
11.00 10.00 13.00 8.00 890.00 21.00 11.00 5.00 25.00 15.00 12.00 7.00 12.00 887.00 17.00 17.00 15.00 13.00 20.00 5.00 14.00 12.00 455.00 474.00 19.00 13.00 17.00 21.00 901.00 12.00 17.00 18.00 21.00 29.00 915.00 9.00 13.00 13.00 20.00 10.00 5.00 921.00 16.00 20.00 19.00 15.00 16.00 911.00 22.00 26.00 17.00 17.00 22.00 908.00 18.00 11.00 15.00 22.00 15.00 917.00 9.00 7.00 9.00 16.00 23.00 9.00 8.00 10.00 907.00 8.00 7.00 9.00 10.00 6.00 0.00 1.00 1.00 1.00 9.00 
10.00 8.00 8.00 9.00 905.00 13.00 10.00 10.00 18.00 17.00 3.00 6.00 13.00 905.00 12.00 14.00 10.00 18.00 19.00 11.00 15.00 9.00 897.00 28.00 20.00 26.00 14.00 27.00 899.00 22.00 18.00 15.00 14.00 18.00 898.00 8.00 24.00 17.00 20.00 24.00 11.00 888.00 19.00 27.00 21.00 25.00 17.00 902.00 22.00 12.00 15.00 24.00 28.00 871.00 20.00 15.00 23.00 46.00 25.00 891.00 10.00 14.00 18.00 16.00 17.00 14.00 8.00 8.00 910.00 9.00 6.00 6.00 11.00 9.00 1.00 0.00 0.00 0.00 9.00 
9.00 7.00 5.00 10.00 915.00 9.00 9.00 4.00 16.00 22.00 14.00 16.00 5.00 895.00 8.00 9.00 9.00 25.00 27.00 9.00 15.00 11.00 895.00 21.00 13.00 20.00 20.00 21.00 903.00 24.00 25.00 18.00 22.00 13.00 901.00 10.00 13.00 23.00 17.00 15.00 13.00 909.00 20.00 18.00 20.00 16.00 19.00 912.00 6.00 6.00 11.00 5.00 15.00 8.00 15.00 12.00 10.00 915.00 15.00 482.00 22.00 22.00 450.00 22.00 26.00 15.00 15.00 14.00 916.00 5.00 5.00 7.00 7.00 9.00 0.00 2.00 0.00 1.00 12.00 
12.00 9.00 9.00 6.00 913.00 8.00 5.00 9.00 12.00 13.00 6.00 8.00 6.00 921.00 7.00 14.00 14.00 16.00 23.00 9.00 59.00 10.00 855.00 24.00 17.00 20.00 15.00 20.00 897.00 14.00 17.00 17.00 23.00 23.00 910.00 14.00 21.00 22.00 18.00 24.00 13.00 880.00 17.00 26.00 13.00 24.00 28.00 894.00 13.00 19.00 10.00 19.00 21.00 276.00 8.00 6.00 11.00 638.00 23.00 23.00 18.00 22.00 898.00 24.00 21.00 16.00 18.00 16.00 891.00 8.00 15.00 15.00 13.00 9.00 0.00 0.00 0.00 1.00 13.00 
8.00 11.00 8.00 6.00 890.00 11.00 13.00 15.00 23.00 23.00 18.00 12.00 11.00 884.00 13.00 15.00 22.00 16.00 22.00 7.00 909.00 11.00 11.00 25.00 18.00 18.00 6.00 12.00 904.00 15.00 17.00 22.00 20.00 17.00 903.00 11.00 16.00 15.00 24.00 23.00 8.00 901.00 21.00 19.00 15.00 15.00 20.00 909.00 21.00 17.00 20.00 24.00 28.00 896.00 11.00 9.00 11.00 20.00 17.00 6.00 8.00 14.00 902.00 23.00 17.00 23.00 28.00 23.00 902.00 8.00 6.00 7.00 6.00 7.00 1.00 1.00 1.00 0.00 10.00 
10.00 11.00 11.00 19.00 880.00 9.00 10.00 11.00 23.00 23.00 14.00 11.00 7.00 907.00 8.00 16.00 12.00 21.00 14.00 16.00 893.00 10.00 15.00 18.00 12.00 18.00 8.00 10.00 914.00 20.00 16.00 24.00 17.00 25.00 897.00 7.00 11.00 21.00 23.00 22.00 13.00 915.00 23.00 14.00 14.00 18.00 16.00 900.00 20.00 23.00 22.00 19.00 14.00 900.00 13.00 15.00 11.00 19.00 14.00 12.00 55.00 6.00 862.00 16.00 15.00 22.00 18.00 18.00 913.00 6.00 11.00 8.00 11.00 11.00 1.00 2.00 0.00 2.00 14.00 
4.00 9.00 15.00 9.00 895.00 14.00 7.00 9.00 18.00 19.00 15.00 16.00 7.00 904.00 10.00 15.00 15.00 20.00 22.00 4.00 902.00 11.00 13.00 19.00 16.00 20.00 6.00 10.00 909.00 19.00 19.00 15.00 12.00 21.00 919.00 9.00 13.00 17.00 21.00 18.00 8.00 920.00 25.00 15.00 17.00 14.00 17.00 882.00 25.00 28.00 15.00 20.00 27.00 904.00 8.00 24.00 16.00 17.00 16.00 11.00 912.00 14.00 8.00 14.00 16.00 20.00 9.00 7.00 916.00 4.00 11.00 7.00 13.00 7.00 1.00 0.00 0.00 1.00 15.00 
13.00 13.00 11.00 9.00 898.00 8.00 12.00 8.00 16.00 20.00 8.00 10.00 9.00 911.00 14.00 16.00 17.00 17.00 23.00 15.00 891.00 9.00 10.00 18.00 18.00 21.00 11.00 10.00 903.00 26.00 27.00 14.00 18.00 16.00 903.00 10.00 25.00 18.00 24.00 23.00 10.00 896.00 18.00 13.00 21.00 18.00 23.00 906.00 16.00 20.00 17.00 16.00 16.00 137.00 781.00 17.00 23.00 23.00 23.00 20.00 886.00 9.00 11.00 19.00 17.00 21.00 10.00 14.00 902.00 12.00 6.00 8.00 14.00 5.00 2.00 0.00 0.00 1.00 6.00 
11.00 15.00 4.00 13.00 874.00 18.00 10.00 11.00 28.00 29.00 11.00 11.00 12.00 890.00 6.00 13.00 21.00 14.00 28.00 15.00 901.00 8.00 10.00 19.00 18.00 14.00 10.00 16.00 912.00 27.00 15.00 14.00 18.00 15.00 903.00 14.00 17.00 20.00 22.00 13.00 7.00 910.00 19.00 13.00 19.00 22.00 21.00 915.00 5.00 27.00 15.00 18.00 19.00 7.00 904.00 18.00 17.00 15.00 18.00 23.00 902.00 12.00 11.00 16.00 27.00 25.00 11.00 13.00 892.00 7.00 10.00 11.00 8.00 6.00 0.00 0.00 0.00 0.00 17.00 
6.00 16.00 9.00 6.00 908.00 8.00 8.00 14.00 21.00 18.00 10.00 10.00 7.00 902.00 10.00 9.00 8.00 23.00 18.00 9.00 102.00 8.00 818.00 14.00 15.00 15.00 9.00 25.00 918.00 18.00 24.00 18.00 20.00 22.00 901.00 11.00 23.00 17.00 14.00 11.00 11.00 900.00 22.00 18.00 19.00 22.00 21.00 897.00 17.00 23.00 25.00 14.00 19.00 12.00 896.00 15.00 17.00 20.00 22.00 19.00 363.00 556.00 9.00 20.00 18.00 17.00 18.00 13.00 894.00 12.00 13.00 7.00 5.00 10.00 0.00 1.00 2.00 0.00 10.00 
9.00 12.00 15.00 21.00 869.00 9.00 17.00 5.00 20.00 25.00 11.00 7.00 12.00 908.00 9.00 8.00 14.00 16.00 28.00 13.00 12.00 5.00 894.00 17.00 14.00 21.00 17.00 21.00 911.00 18.00 20.00 18.00 12.00 20.00 911.00 11.00 25.00 16.00 22.00 20.00 12.00 880.00 17.00 24.00 26.00 28.00 24.00 896.00 7.00 11.00 26.00 15.00 12.00 11.00 902.00 16.00 18.00 19.00 22.00 23.00 9.00 919.00 8.00 15.00 20.00 12.00 22.00 8.00 898.00 10.00 12.00 9.00 9.00 13.00 0.00 1.00 0.00 0.00 13.00 
13.00 13.00 8.00 13.00 885.00 13.00 9.00 12.00 22.00 19.00 19.00 11.00 17.00 894.00 8.00 14.00 11.00 18.00 17.00 14.00 9.00 10.00 886.00 26.00 34.00 22.00 20.00 14.00 884.00 17.00 20.00 22.00 17.00 13.00 906.00 12.00 21.00 18.00 18.00 25.00 9.00 904.00 18.00 21.00 17.00 21.00 22.00 915.00 10.00 22.00 18.00 16.00 11.00 10.00 897.00 6.00 15.00 25.00 20.00 26.00 10.00 898.00 10.00 11.00 18.00 24.00 27.00 10.00 906.00 9.00 7.00 8.00 14.00 10.00 0.00 1.00 0.00 0.00 10.00 
6.00 5.00 6.00 13.00 919.00 8.00 8.00 12.00 25.00 15.00 7.00 10.00 8.00 893.00 19.00 15.00 8.00 25.00 18.00 13.00 12.00 6.00 893.00 18.00 27.00 15.00 20.00 19.00 898.00 13.00 15.00 17.00 27.00 22.00 910.00 12.00 20.00 21.00 14.00 19.00 10.00 901.00 21.00 16.00 23.00 20.00 25.00 760.00 156.00 16.00 18.00 16.00 21.00 9.00 893.00 15.00 20.00 27.00 21.00 14.00 7.00 900.00 9.00 23.00 19.00 25.00 18.00 8.00 902.00 10.00 12.00 6.00 9.00 13.00 0.00 0.00 0.00 0.00 6.00 
9.00 10.00 9.00 8.00 901.00 15.00 14.00 8.00 15.00 24.00 6.00 7.00 7.00 911.00 11.00 9.00 10.00 26.00 14.00 9.00 6.00 4.00 924.00 16.00 18.00 23.00 18.00 22.00 889.00 15.00 24.00 23.00 15.00 17.00 915.00 7.00 16.00 12.00 26.00 20.00 285.00 623.00 13.00 18.00 22.00 22.00 22.00 15.00 899.00 17.00 19.00 16.00 19.00 20.00 884.00 18.00 27.00 26.00 22.00 20.00 8.00 896.00 12.00 17.00 18.00 13.00 23.00 17.00 902.00 6.00 11.00 10.00 6.00 10.00 0.00 0.00 1.00 0.00 10.00 
10.00 11.00 9.00 8.00 897.00 11.00 12.00 10.00 21.00 15.00 13.00 12.00 9.00 897.00 9.00 15.00 19.00 17.00 21.00 9.00 670.00 11.00 249.00 12.00 16.00 23.00 13.00 14.00 917.00 19.00 20.00 16.00 14.00 15.00 901.00 22.00 20.00 14.00 20.00 21.00 910.00 5.00 9.00 18.00 21.00 17.00 18.00 414.00 528.00 17.00 17.00 910.00 11.00 12.00 31.00 9.00 18.00 14.00 15.00 18.00 11.00 888.00 13.00 19.00 19.00 14.00 15.00 10.00 925.00 7.00 5.00 2.00 8.00 4.00 1.00 0.00 1.00 1.00 13.00 
13.00 5.00 9.00 9.00 894.00 6.00 13.00 8.00 20.00 15.00 7.00 10.00 6.00 926.00 6.00 17.00 17.00 18.00 12.00 9.00 902.00 10.00 16.00 20.00 21.00 19.00 15.00 6.00 902.00 20.00 28.00 15.00 14.00 28.00 889.00 19.00 15.00 21.00 23.00 22.00 914.00 11.00 17.00 19.00 24.00 15.00 20.00 924.00 18.00 20.00 17.00 908.00 11.00 12.00 5.00 14.00 16.00 10.00 8.00 10.00 8.00 897.00 11.00 15.00 19.00 23.00 18.00 10.00 909.00 12.00 10.00 10.00 9.00 9.00 1.00 3.00 2.00 1.00 15.00 
10.00 9.00 10.00 10.00 905.00 7.00 9.00 8.00 17.00 15.00 9.00 10.00 11.00 892.00 13.00 21.00 23.00 23.00 18.00 8.00 903.00 12.00 10.00 16.00 25.00 16.00 9.00 10.00 893.00 23.00 18.00 19.00 22.00 26.00 908.00 12.00 19.00 12.00 23.00 23.00 910.00 11.00 13.00 18.00 14.00 19.00 22.00 260.00 20.00 16.00 664.00 909.00 22.00 11.00 16.00 21.00 13.00 11.00 5.00 12.00 12.00 907.00 17.00 22.00 31.00 23.00 20.00 847.00 54.00 8.00 10.00 10.00 7.00 0.00 0.00 1.00 0.00 0.00 17.00 
0.00 1.00 3.00 2.00 101.00 1.00 8.00 11.00 8.00 21.00 19.00 813.00 27.00 109.00 814.00 26.00 30.00 18.00 19.00 18.00 900.00 11.00 13.00 22.00 15.00 15.00 7.00 12.00 908.00 20.00 23.00 22.00 21.00 23.00 898.00 16.00 15.00 18.00 20.00 13.00 910.00 11.00 13.00 6.00 10.00 21.00 15.00 18.00 24.00 17.00 926.00 905.00 22.00 20.00 14.00 14.00 15.00 13.00 19.00 12.00 12.00 895.00 16.00 17.00 18.00 22.00 22.00 896.00 4.00 7.00 11.00 14.00 13.00 2.00 0.00 1.00 1.00 1.00 2.00 
6.00 0.00 1.00 1.00 148.00 0.00 4.00 8.00 16.00 21.00 19.00 769.00 26.00 175.00 746.00 28.00 23.00 21.00 24.00 17.00 887.00 15.00 10.00 27.00 14.00 19.00 10.00 12.00 889.00 15.00 28.00 17.00 23.00 35.00 898.00 24.00 22.00 16.00 18.00 24.00 885.00 12.00 11.00 12.00 10.00 21.00 19.00 21.00 14.00 18.00 908.00 926.00 24.00 26.00 18.00 14.00 20.00 9.00 14.00 10.00 8.00 893.00 24.00 17.00 22.00 20.00 17.00 887.00 11.00 8.00 17.00 13.00 13.00 0.00 0.00 0.00 0.00 0.00 2.00 
9.00 18.00 4.00 7.00 896.00 11.00 9.00 17.00 20.00 16.00 8.00 5.00 13.00 902.00 9.00 17.00 20.00 21.00 17.00 6.00 924.00 8.00 10.00 16.00 17.00 21.00 7.00 10.00 909.00 17.00 20.00 18.00 17.00 16.00 900.00 25.00 19.00 13.00 16.00 19.00 914.00 7.00 13.00 11.00 8.00 18.00 11.00 9.00 11.00 21.00 914.00 178.00 17.00 21.00 749.00 23.00 21.00 20.00 17.00 21.00 13.00 889.00 18.00 23.00 20.00 20.00 25.00 900.00 13.00 12.00 8.00 8.00 7.00 0.00 2.00 1.00 0.00 0.00 10.00 
8.00 7.00 7.00 11.00 908.00 6.00 8.00 10.00 30.00 23.00 7.00 6.00 9.00 903.00 8.00 15.00 20.00 20.00 14.00 14.00 893.00 13.00 11.00 22.00 20.00 25.00 6.00 6.00 905.00 26.00 19.00 14.00 23.00 21.00 896.00 21.00 20.00 24.00 15.00 19.00 912.00 10.00 5.00 10.00 7.00 17.00 10.00 8.00 14.00 24.00 896.00 23.00 31.00 13.00 832.00 111.00 21.00 22.00 19.00 22.00 12.00 883.00 16.00 21.00 20.00 21.00 19.00 899.00 11.00 15.00 9.00 6.00 13.00 0.00 1.00 1.00 0.00 1.00 12.00 
10.00 13.00 9.00 8.00 897.00 6.00 15.00 14.00 12.00 19.00 9.00 12.00 9.00 908.00 13.00 24.00 14.00 14.00 21.00 13.00 891.00 9.00 13.00 25.00 25.00 22.00 11.00 13.00 908.00 16.00 15.00 13.00 13.00 14.00 917.00 18.00 20.00 15.00 17.00 21.00 918.00 13.00 13.00 10.00 11.00 23.00 513.00 9.00 5.00 8.00 411.00 21.00 14.00 9.00 9.00 906.00 18.00 30.00 20.00 18.00 16.00 905.00 23.00 13.00 21.00 22.00 22.00 901.00 10.00 16.00 14.00 3.00 9.00 1.00 0.00 0.00 0.00 0.00 9.00 
9.00 17.00 9.00 14.00 885.00 17.00 16.00 18.00 22.00 24.00 677.00 7.00 14.00 238.00 11.00 16.00 14.00 12.00 13.00 11.00 904.00 6.00 6.00 18.00 19.00 18.00 9.00 13.00 894.00 25.00 20.00 19.00 23.00 21.00 894.00 23.00 17.00 19.00 22.00 15.00 253.00 653.00 25.00 28.00 18.00 14.00 926.00 12.00 8.00 12.00 16.00 14.00 10.00 10.00 12.00 905.00 16.00 13.00 18.00 16.00 27.00 906.00 28.00 20.00 22.00 20.00 10.00 905.00 12.00 8.00 13.00 6.00 3.00 1.00 2.00 0.00 0.00 0.00 9.00 
8.00 2.00 10.00 19.00 917.00 15.00 5.00 23.00 22.00 12.00 920.00 6.00 8.00 5.00 10.00 14.00 10.00 6.00 13.00 6.00 926.00 11.00 1.00 12.00 21.00 23.00 6.00 11.00 907.00 19.00 14.00 22.00 23.00 14.00 902.00 9.00 21.00 23.00 17.00 23.00 13.00 913.00 25.00 19.00 12.00 16.00 919.00 10.00 10.00 8.00 12.00 19.00 6.00 9.00 4.00 916.00 20.00 18.00 19.00 13.00 24.00 890.00 15.00 32.00 32.00 13.00 22.00 900.00 16.00 8.00 10.00 11.00 4.00 0.00 0.00 0.00 0.00 0.00 6.00 
12.00 14.00 11.00 6.00 907.00 17.00 26.00 20.00 16.00 17.00 888.00 15.00 12.00 7.00 9.00 16.00 6.00 13.00 14.00 10.00 897.00 11.00 15.00 12.00 20.00 21.00 16.00 9.00 244.00 684.00 10.00 20.00 24.00 19.00 912.00 12.00 20.00 17.00 21.00 15.00 906.00 26.00 12.00 23.00 24.00 20.00 898.00 8.00 11.00 7.00 24.00 16.00 7.00 11.00 12.00 898.00 17.00 20.00 27.00 27.00 13.00 919.00 16.00 17.00 21.00 19.00 13.00 902.00 8.00 13.00 8.00 8.00 4.00 2.00 1.00 0.00 0.00 0.00 7.00 
9.00 14.00 6.00 8.00 899.00 21.00 18.00 12.00 19.00 10.00 919.00 9.00 6.00 11.00 11.00 12.00 15.00 14.00 9.00 16.00 891.00 11.00 11.00 11.00 17.00 15.00 9.00 8.00 36.00 908.00 14.00 21.00 18.00 155.00 758.00 19.00 26.00 23.00 20.00 20.00 894.00 24.00 19.00 14.00 20.00 17.00 915.00 12.00 2.00 11.00 17.00 23.00 14.00 11.00 21.00 893.00 17.00 19.00 17.00 17.00 20.00 912.00 16.00 16.00 25.00 21.00 19.00 895.00 7.00 8.00 9.00 16.00 9.00 1.00 2.00 0.00 0.00 0.00 18.00 
10.00 14.00 18.00 11.00 887.00 20.00 14.00 21.00 21.00 28.00 903.00 9.00 12.00 2.00 9.00 22.00 2.00 11.00 4.00 10.00 900.00 8.00 9.00 25.00 27.00 26.00 8.00 15.00 908.00 21.00 18.00 18.00 18.00 913.00 8.00 14.00 24.00 16.00 20.00 13.00 899.00 19.00 24.00 24.00 21.00 28.00 897.00 9.00 14.00 5.00 20.00 13.00 12.00 7.00 16.00 890.00 24.00 16.00 20.00 22.00 16.00 887.00 21.00 19.00 18.00 20.00 21.00 344.00 12.00 7.00 567.00 11.00 10.00 7.00 8.00 3.00 1.00 3.00 8.00 
8.00 7.00 7.00 14.00 905.00 16.00 17.00 18.00 20.00 14.00 914.00 10.00 14.00 9.00 13.00 20.00 8.00 9.00 8.00 11.00 894.00 10.00 16.00 15.00 31.00 19.00 287.00 14.00 625.00 14.00 23.00 15.00 23.00 921.00 7.00 23.00 22.00 19.00 14.00 8.00 906.00 18.00 16.00 20.00 15.00 17.00 916.00 8.00 9.00 10.00 17.00 13.00 6.00 5.00 5.00 928.00 19.00 21.00 16.00 14.00 13.00 899.00 11.00 7.00 16.00 27.00 20.00 10.00 12.00 13.00 900.00 4.00 12.00 7.00 12.00 6.00 0.00 1.00 9.00 
6.00 15.00 10.00 10.00 915.00 23.00 18.00 15.00 18.00 17.00 897.00 10.00 12.00 11.00 10.00 15.00 7.00 16.00 18.00 8.00 885.00 15.00 30.00 24.00 22.00 18.00 901.00 11.00 14.00 20.00 25.00 15.00 9.00 915.00 15.00 21.00 22.00 11.00 12.00 5.00 912.00 28.00 16.00 18.00 16.00 15.00 904.00 8.00 10.00 10.00 18.00 21.00 8.00 7.00 12.00 911.00 23.00 15.00 9.00 17.00 16.00 917.00 7.00 7.00 14.00 14.00 18.00 3.00 11.00 13.00 906.00 12.00 13.00 6.00 13.00 6.00 0.00 0.00 5.00 
16.00 10.00 13.00 3.00 898.00 19.00 19.00 15.00 23.00 15.00 900.00 11.00 10.00 9.00 14.00 25.00 7.00 8.00 11.00 13.00 884.00 30.00 26.00 18.00 19.00 21.00 918.00 6.00 20.00 18.00 21.00 9.00 1.00 910.00 5.00 20.00 22.00 22.00 23.00 15.00 902.00 19.00 21.00 17.00 18.00 17.00 896.00 12.00 12.00 12.00 20.00 20.00 10.00 12.00 8.00 915.00 17.00 9.00 14.00 19.00 23.00 892.00 9.00 9.00 11.00 16.00 17.00 10.00 15.00 13.00 721.00 186.00 9.00 15.00 9.00 12.00 2.00 1.00 13.00 
11.00 128.00 11.00 9.00 791.00 11.00 24.00 6.00 15.00 19.00 916.00 7.00 8.00 14.00 13.00 23.00 13.00 6.00 5.00 7.00 894.00 31.00 21.00 20.00 15.00 23.00 900.00 9.00 20.00 23.00 20.00 19.00 13.00 893.00 10.00 14.00 21.00 17.00 22.00 8.00 904.00 24.00 13.00 24.00 33.00 18.00 901.00 11.00 5.00 12.00 19.00 13.00 9.00 10.00 7.00 911.00 18.00 20.00 18.00 20.00 15.00 903.00 10.00 15.00 6.00 12.00 23.00 8.00 14.00 12.00 8.00 882.00 15.00 17.00 11.00 6.00 16.00 1.00 6.00 
8.00 893.00 10.00 13.00 7.00 28.00 22.00 10.00 12.00 9.00 896.00 16.00 12.00 12.00 5.00 19.00 16.00 15.00 14.00 8.00 890.00 10.00 10.00 14.00 23.00 23.00 132.00 8.00 794.00 19.00 21.00 22.00 16.00 901.00 10.00 15.00 21.00 20.00 25.00 10.00 902.00 17.00 18.00 22.00 19.00 18.00 910.00 14.00 8.00 22.00 20.00 21.00 19.00 689.00 15.00 198.00 22.00 16.00 24.00 16.00 10.00 914.00 8.00 5.00 11.00 6.00 21.00 11.00 9.00 11.00 9.00 904.00 9.00 8.00 10.00 24.00 18.00 6.00 7.00 
13.00 900.00 9.00 11.00 11.00 16.00 16.00 8.00 8.00 5.00 911.00 13.00 12.00 9.00 8.00 19.00 8.00 8.00 12.00 19.00 890.00 12.00 9.00 153.00 17.00 25.00 15.00 11.00 785.00 15.00 18.00 12.00 21.00 897.00 9.00 21.00 23.00 24.00 25.00 10.00 919.00 15.00 19.00 18.00 24.00 12.00 916.00 5.00 14.00 24.00 16.00 11.00 11.00 908.00 9.00 9.00 16.00 22.00 14.00 10.00 8.00 896.00 9.00 14.00 12.00 7.00 21.00 14.00 11.00 6.00 9.00 895.00 5.00 13.00 11.00 23.00 22.00 13.00 11.00 
18.00 891.00 10.00 11.00 10.00 17.00 14.00 5.00 16.00 15.00 902.00 12.00 8.00 11.00 21.00 19.00 16.00 13.00 15.00 746.00 178.00 15.00 19.00 905.00 23.00 12.00 10.00 8.00 22.00 9.00 8.00 8.00 9.00 903.00 7.00 17.00 16.00 22.00 22.00 11.00 909.00 21.00 18.00 15.00 16.00 25.00 895.00 13.00 24.00 21.00 22.00 22.00 15.00 901.00 4.00 14.00 12.00 14.00 14.00 12.00 8.00 435.00 482.00 9.00 8.00 17.00 19.00 18.00 8.00 15.00 9.00 878.00 15.00 15.00 14.00 20.00 19.00 12.00 18.00 
13.00 907.00 7.00 10.00 8.00 20.00 15.00 7.00 13.00 11.00 902.00 10.00 10.00 12.00 25.00 17.00 7.00 8.00 15.00 906.00 17.00 24.00 17.00 538.00 16.00 9.00 394.00 7.00 18.00 11.00 12.00 10.00 11.00 405.00 503.00 16.00 23.00 17.00 20.00 19.00 905.00 22.00 26.00 14.00 23.00 19.00 900.00 4.00 17.00 17.00 17.00 19.00 8.00 900.00 11.00 13.00 13.00 18.00 28.00 9.00 18.00 10.00 909.00 10.00 3.00 8.00 14.00 18.00 7.00 10.00 13.00 913.00 6.00 11.00 4.00 25.00 14.00 10.00 4.00 
11.00 909.00 10.00 7.00 7.00 20.00 17.00 7.00 10.00 8.00 902.00 7.00 9.00 12.00 21.00 25.00 10.00 15.00 8.00 900.00 12.00 23.00 15.00 15.00 9.00 13.00 904.00 8.00 15.00 24.00 9.00 28.00 13.00 8.00 891.00 17.00 25.00 14.00 25.00 21.00 904.00 22.00 17.00 19.00 20.00 25.00 914.00 13.00 15.00 13.00 9.00 11.00 7.00 915.00 7.00 13.00 8.00 25.00 16.00 9.00 9.00 6.00 897.00 15.00 7.00 12.00 23.00 22.00 6.00 10.00 19.00 906.00 11.00 5.00 10.00 20.00 16.00 9.00 11.00 
13.00 882.00 20.00 16.00 7.00 29.00 17.00 11.00 11.00 11.00 884.00 15.00 17.00 15.00 18.00 17.00 10.00 10.00 11.00 903.00 5.00 11.00 25.00 20.00 23.00 10.00 265.00 634.00 15.00 17.00 26.00 20.00 19.00 10.00 912.00 15.00 23.00 13.00 20.00 12.00 910.00 19.00 19.00 9.00 19.00 21.00 901.00 19.00 16.00 17.00 15.00 13.00 13.00 351.00 9.00 567.00 9.00 20.00 21.00 13.00 14.00 11.00 905.00 4.00 7.00 9.00 22.00 22.00 11.00 11.00 10.00 890.00 12.00 7.00 15.00 19.00 22.00 7.00 9.00 
9.00 897.00 16.00 6.00 13.00 16.00 16.00 7.00 10.00 7.00 894.00 13.00 14.00 15.00 24.00 14.00 12.00 6.00 8.00 901.00 15.00 10.00 22.00 16.00 23.00 11.00 9.00 903.00 7.00 21.00 24.00 23.00 16.00 12.00 898.00 24.00 21.00 14.00 23.00 13.00 900.00 23.00 21.00 23.00 18.00 14.00 895.00 18.00 11.00 7.00 18.00 18.00 8.00 9.00 9.00 902.00 14.00 13.00 23.00 16.00 23.00 27.00 897.00 14.00 10.00 7.00 19.00 18.00 4.00 8.00 12.00 905.00 9.00 10.00 7.00 19.00 24.00 10.00 14.00 
11.00 909.00 20.00 24.00 23.00 30.00 22.00 23.00 23.00 22.00 901.00 27.00 30.00 31.00 28.00 38.00 593.00 21.00 20.00 323.00 32.00 36.00 42.00 34.00 36.00 877.00 34.00 918.00 31.00 303.00 37.00 18.00 29.00 51.00 50.00 13.00 12.00 11.00 14.00 44.00 45.00 13.00 11.00 10.00 14.00 12.00 73.00 159.00 20.00 17.00 36.00 28.00 503.00 23.00 28.00 920.00 34.00 29.00 28.00 32.00 30.00 357.00 577.00 18.00 19.00 25.00 28.00 21.00 24.00 19.00 24.00 380.00 551.00 19.00 19.00 37.00 31.00 26.00 19.00 
15.00 897.00 9.00 7.00 12.00 15.00 21.00 9.00 11.00 13.00 904.00 18.00 16.00 21.00 21.00 16.00 896.00 13.00 13.00 13.00 20.00 25.00 19.00 23.00 24.00 907.00 27.00 683.00 266.00 935.00 26.00 22.00 16.00 13.00 11.00 1.00 0.00 0.00 1.00 0.00 0.00 1.00 1.00 0.00 0.00 1.00 3.00 9.00 7.00 12.00 22.00 19.00 903.00 19.00 183.00 741.00 30.00 27.00 18.00 16.00 15.00 920.00 18.00 11.00 9.00 6.00 8.00 6.00 10.00 9.00 10.00 10.00 903.00 12.00 16.00 17.00 23.00 12.00 14.00 
13.00 916.00 9.00 9.00 13.00 18.00 18.00 10.00 10.00 7.00 898.00 16.00 26.00 20.00 24.00 24.00 901.00 30.00 23.00 17.00 17.00 880.00 8.00 14.00 22.00 66.00 28.00 19.00 920.00 911.00 22.00 21.00 12.00 17.00 10.00 1.00 1.00 0.00 0.00 1.00 0.00 0.00 0.00 0.00 1.00 1.00 2.00 9.00 9.00 20.00 19.00 28.00 915.00 16.00 900.00 19.00 35.00 30.00 20.00 13.00 7.00 912.00 8.00 9.00 11.00 8.00 9.00 1.00 9.00 10.00 11.00 8.00 120.00 797.00 10.00 10.00 18.00 16.00 17.00 
10.00 917.00 4.00 8.00 6.00 22.00 20.00 11.00 8.00 11.00 888.00 21.00 23.00 18.00 17.00 20.00 923.00 21.00 19.00 34.00 23.00 685.00 14.00 231.00 521.00 33.00 25.00 24.00 430.00 921.00 13.00 10.00 13.00 9.00 11.00 1.00 0.00 0.00 1.00 0.00 0.00 0.00 0.00 0.00 0.00 2.00 2.00 8.00 8.00 13.00 109.00 12.00 821.00 19.00 506.00 12.00 442.00 42.00 18.00 23.00 21.00 907.00 10.00 8.00 7.00 3.00 7.00 0.00 4.00 8.00 10.00 11.00 7.00 903.00 10.00 23.00 22.00 16.00 20.00 
18.00 810.00 14.00 10.00 93.00 16.00 14.00 13.00 99.00 7.00 826.00 17.00 20.00 26.00 23.00 18.00 917.00 13.00 25.00 30.00 36.00 25.00 33.00 1245.00 922.00 30.00 24.00 35.00 36.00 448.00 7.00 15.00 10.00 10.00 6.00 2.00 2.00 2.00 2.00 3.00 2.00 2.00 1.00 2.00 1.00 7.00 13.00 10.00 8.00 16.00 922.00 16.00 14.00 16.00 23.00 15.00 910.00 15.00 10.00 18.00 22.00 79.00 9.00 12.00 854.00 10.00 11.00 11.00 17.00 18.00 10.00 8.00 11.00 909.00 12.00 21.00 25.00 14.00 24.00 
14.00 10.00 9.00 20.00 914.00 19.00 18.00 18.00 913.00 19.00 12.00 24.00 19.00 15.00 13.00 11.00 903.00 6.00 15.00 23.00 20.00 18.00 479.00 444.00 182.00 30.00 27.00 28.00 764.00 906.00 19.00 14.00 16.00 29.00 10.00 2.00 0.00 2.00 0.00 0.00 0.00 0.00 0.00 0.00 0.00 10.00 6.00 12.00 7.00 14.00 901.00 24.00 22.00 14.00 21.00 19.00 902.00 16.00 5.00 18.00 16.00 15.00 14.00 16.00 901.00 8.00 9.00 11.00 20.00 20.00 8.00 12.00 9.00 899.00 10.00 6.00 9.00 14.00 27.00 
329.00 11.00 14.00 19.00 572.00 17.00 15.00 17.00 585.00 18.00 347.00 23.00 12.00 14.00 8.00 13.00 907.00 18.00 17.00 23.00 22.00 14.00 910.00 18.00 30.00 45.00 18.00 31.00 923.00 890.00 19.00 19.00 15.00 26.00 13.00 1.00 2.00 0.00 0.00 0.00 0.00 0.00 0.00 0.00 0.00 7.00 11.00 8.00 11.00 10.00 900.00 20.00 21.00 24.00 23.00 18.00 899.00 9.00 6.00 25.00 18.00 17.00 14.00 8.00 900.00 13.00 11.00 5.00 19.00 20.00 10.00 14.00 14.00 899.00 11.00 17.00 11.00 17.00 15.00 
908.00 11.00 11.00 8.00 14.00 26.00 15.00 7.00 11.00 6.00 904.00 18.00 15.00 28.00 13.00 21.00 894.00 21.00 11.00 32.00 18.00 18.00 911.00 17.00 32.00 30.00 34.00 33.00 900.00 902.00 17.00 22.00 20.00 24.00 8.00 1.00 0.00 1.00 0.00 1.00 0.00 0.00 0.00 1.00 0.00 14.00 7.00 13.00 11.00 9.00 895.00 20.00 17.00 21.00 21.00 21.00 890.00 13.00 14.00 18.00 18.00 18.00 8.00 8.00 905.00 10.00 7.00 12.00 27.00 22.00 7.00 8.00 6.00 907.00 22.00 18.00 18.00 15.00 16.00 
923.00 6.00 10.00 6.00 12.00 17.00 11.00 11.00 12.00 15.00 897.00 26.00 21.00 20.00 22.00 15.00 894.00 23.00 27.00 15.00 23.00 16.00 900.00 17.00 32.00 22.00 21.00 34.00 928.00 918.00 13.00 13.00 23.00 13.00 8.00 1.00 0.00 0.00 0.00 0.00 0.00 1.00 0.00 0.00 0.00 9.00 4.00 9.00 13.00 9.00 893.00 28.00 20.00 19.00 21.00 19.00 908.00 11.00 11.00 18.00 24.00 23.00 11.00 11.00 891.00 10.00 13.00 8.00 17.00 20.00 8.00 9.00 12.00 899.00 11.00 20.00 11.00 26.00 18.00 
913.00 9.00 9.00 7.00 12.00 17.00 12.00 12.00 6.00 10.00 908.00 14.00 23.00 18.00 13.00 27.00 899.00 17.00 16.00 21.00 16.00 19.00 896.00 18.00 33.00 31.00 27.00 33.00 921.00 907.00 18.00 18.00 20.00 18.00 17.00 0.00 2.00 0.00 1.00 1.00 0.00 1.00 0.00 0.00 0.00 8.00 10.00 8.00 9.00 14.00 915.00 24.00 13.00 20.00 12.00 20.00 884.00 15.00 12.00 27.00 22.00 18.00 12.00 9.00 906.00 7.00 11.00 10.00 18.00 15.00 10.00 8.00 10.00 896.00 21.00 17.00 22.00 20.00 17.00 
914.00 7.00 14.00 10.00 12.00 22.00 7.00 13.00 16.00 9.00 917.00 14.00 16.00 13.00 14.00 19.00 919.00 25.00 16.00 21.00 25.00 25.00 896.00 20.00 32.00 39.00 23.00 25.00 764.00 925.00 15.00 20.00 15.00 20.00 14.00 2.00 2.00 2.00 41.00 1.00 2.00 2.00 2.00 2.00 3.00 11.00 12.00 13.00 12.00 13.00 904.00 17.00 18.00 17.00 26.00 22.00 896.00 9.00 16.00 23.00 22.00 19.00 9.00 61.00 863.00 8.00 11.00 15.00 22.00 22.00 16.00 11.00 245.00 662.00 16.00 20.00 17.00 20.00 17.00 
917.00 6.00 8.00 6.00 6.00 15.00 4.00 10.00 16.00 9.00 913.00 17.00 26.00 17.00 13.00 24.00 896.00 16.00 22.00 26.00 25.00 14.00 901.00 22.00 33.00 38.00 26.00 34.00 901.00 900.00 21.00 21.00 14.00 22.00 11.00 2.00 0.00 0.00 0.00 0.00 0.00 0.00 1.00 0.00 0.00 7.00 13.00 13.00 10.00 11.00 885.00 20.00 23.00 18.00 27.00 25.00 891.00 6.00 25.00 21.00 21.00 18.00 16.00 909.00 10.00 7.00 9.00 21.00 19.00 12.00 5.00 14.00 911.00 5.00 12.00 18.00 18.00 14.00 13.00 
903.00 7.00 8.00 11.00 11.00 20.00 14.00 16.00 12.00 15.00 895.00 23.00 13.00 14.00 17.00 19.00 907.00 20.00 11.00 26.00 20.00 30.00 924.00 18.00 27.00 26.00 723.00 25.00 202.00 914.00 22.00 18.00 17.00 14.00 10.00 0.00 0.00 2.00 0.00 0.00 0.00 0.00 0.00 0.00 1.00 9.00 12.00 8.00 9.00 7.00 907.00 19.00 18.00 22.00 19.00 21.00 901.00 10.00 19.00 22.00 19.00 27.00 15.00 881.00 16.00 8.00 7.00 24.00 25.00 7.00 9.00 7.00 912.00 6.00 18.00 21.00 21.00 11.00 8.00 
915.00 11.00 8.00 9.00 6.00 20.00 11.00 12.00 11.00 8.00 903.00 13.00 19.00 16.00 25.00 14.00 908.00 12.00 23.00 20.00 13.00 35.00 914.00 24.00 25.00 28.00 874.00 90.00 20.00 890.00 21.00 27.00 9.00 12.00 14.00 0.00 0.00 0.00 0.00 0.00 0.00 0.00 0.00 1.00 0.00 7.00 7.00 8.00 7.00 9.00 912.00 11.00 25.00 26.00 27.00 150.00 768.00 9.00 17.00 27.00 12.00 10.00 11.00 907.00 8.00 10.00 12.00 20.00 17.00 6.00 9.00 13.00 910.00 9.00 16.00 21.00 21.00 10.00 7.00 
893.00 17.00 11.00 14.00 9.00 12.00 8.00 14.00 15.00 8.00 900.00 25.00 18.00 20.00 15.00 21.00 905.00 18.00 18.00 17.00 17.00 18.00 913.00 28.00 26.00 42.00 34.00 913.00 12.00 921.00 12.00 18.00 19.00 12.00 11.00 0.00 0.00 0.00 0.00 1.00 0.00 0.00 1.00 0.00 0.00 4.00 3.00 11.00 8.00 7.00 213.00 20.00 697.00 22.00 17.00 929.00 21.00 18.00 15.00 15.00 18.00 9.00 9.00 905.00 11.00 10.00 11.00 18.00 21.00 11.00 15.00 13.00 908.00 13.00 15.00 19.00 14.00 14.00 10.00 
219.00 684.00 14.00 11.00 11.00 19.00 19.00 12.00 10.00 13.00 897.00 28.00 31.00 27.00 25.00 17.00 892.00 19.00 194.00 20.00 18.00 27.00 729.00 21.00 26.00 32.00 336.00 602.00 25.00 909.00 19.00 22.00 11.00 12.00 12.00 1.00 1.00 0.00 0.00 0.00 0.00 0.00 0.00 1.00 0.00 0.00 0.00 14.00 7.00 9.00 17.00 17.00 835.00 20.00 79.00 533.00 409.00 21.00 23.00 22.00 28.00 21.00 12.00 881.00 12.00 11.00 12.00 24.00 10.00 14.00 9.00 13.00 898.00 12.00 11.00 15.00 16.00 19.00 10.00 
13.00 899.00 6.00 12.00 6.00 18.00 26.00 7.00 12.00 21.00 889.00 17.00 23.00 30.00 26.00 26.00 916.00 13.00 917.00 15.00 29.00 36.00 19.00 24.00 19.00 303.00 914.00 18.00 21.00 610.00 26.00 13.00 11.00 9.00 11.00 1.00 1.00 0.00 0.00 0.00 0.00 0.00 0.00 0.00 0.00 0.00 0.00 1.00 0.00 9.00 11.00 20.00 20.00 15.00 919.00 23.00 918.00 13.00 29.00 22.00 18.00 19.00 12.00 903.00 9.00 9.00 10.00 15.00 20.00 9.00 9.00 10.00 925.00 10.00 7.00 17.00 26.00 7.00 8.00 
12.00 914.00 6.00 10.00 10.00 19.00 18.00 5.00 10.00 10.00 911.00 17.00 12.00 11.00 14.00 21.00 514.00 13.00 471.00 23.00 32.00 431.00 457.00 26.00 33.00 917.00 362.00 595.00 24.00 23.00 27.00 9.00 6.00 0.00 1.00 0.00 0.00 0.00 0.00 0.00 0.00 0.00 1.00 0.00 1.00 1.00 1.00 3.00 0.00 17.00 12.00 6.00 311.00 8.00 616.00 16.00 289.00 652.00 26.00 24.00 24.00 17.00 11.00 915.00 10.00 10.00 6.00 24.00 22.00 14.00 14.00 11.00 889.00 9.00 10.00 15.00 20.00 23.00 8.00 
14.00 630.00 9.00 9.00 302.00 12.00 15.00 10.00 12.00 16.00 896.00 6.00 19.00 13.00 12.00 13.00 12.00 12.00 19.00 21.00 30.00 913.00 951.00 38.00 34.00 911.00 37.00 937.00 21.00 22.00 18.00 10.00 6.00 1.00 1.00 1.00 0.00 0.00 0.00 1.00 0.00 0.00 0.00 1.00 0.00 0.00 0.00 10.00 9.00 11.00 11.00 10.00 916.00 20.00 27.00 17.00 16.00 909.00 14.00 18.00 21.00 22.00 26.00 874.00 11.00 10.00 12.00 22.00 27.00 13.00 7.00 10.00 909.00 12.00 4.00 16.00 13.00 14.00 4.00 
10.00 7.00 7.00 10.00 895.00 25.00 21.00 21.00 17.00 18.00 897.00 16.00 21.00 23.00 21.00 29.00 678.00 20.00 708.00 16.00 19.00 259.00 241.00 31.00 22.00 927.00 843.00 104.00 17.00 20.00 30.00 10.00 2.00 0.00 1.00 0.00 0.00 0.00 0.00 0.00 0.00 0.00 0.00 0.00 0.00 1.00 0.00 5.00 8.00 7.00 8.00 12.00 905.00 18.00 18.00 17.00 17.00 31.00 897.00 13.00 25.00 23.00 22.00 505.00 18.00 416.00 12.00 9.00 20.00 10.00 13.00 12.00 895.00 17.00 10.00 11.00 10.00 13.00 16.00 
12.00 18.00 8.00 12.00 898.00 19.00 17.00 25.00 27.00 27.00 883.00 19.00 23.00 34.00 27.00 25.00 912.00 28.00 911.00 20.00 27.00 43.00 32.00 23.00 25.00 886.00 903.00 19.00 26.00 26.00 22.00 14.00 0.00 1.00 1.00 1.00 0.00 0.00 0.00 0.00 0.00 0.00 0.00 0.00 0.00 0.00 1.00 9.00 10.00 4.00 8.00 6.00 908.00 11.00 12.00 20.00 28.00 19.00 909.00 17.00 16.00 20.00 18.00 17.00 11.00 905.00 12.00 17.00 22.00 17.00 23.00 6.00 901.00 11.00 10.00 11.00 10.00 13.00 4.00 
15.00 13.00 12.00 8.00 897.00 19.00 21.00 14.00 20.00 21.00 907.00 19.00 12.00 24.00 34.00 50.00 898.00 19.00 905.00 14.00 23.00 45.00 41.00 36.00 23.00 893.00 908.00 28.00 19.00 17.00 18.00 11.00 1.00 2.00 0.00 1.00 0.00 0.00 0.00 0.00 0.00 1.00 0.00 0.00 1.00 1.00 6.00 7.00 14.00 11.00 11.00 808.00 92.00 21.00 21.00 11.00 22.00 12.00 906.00 14.00 19.00 15.00 16.00 22.00 11.00 899.00 10.00 25.00 15.00 28.00 26.00 14.00 883.00 11.00 12.00 11.00 8.00 13.00 15.00 
2.00 1.00 2.00 14.00 118.00 9.00 19.00 30.00 805.00 23.00 113.00 805.00 26.00 37.00 23.00 21.00 650.00 21.00 615.00 27.00 39.00 298.00 34.00 36.00 309.00 916.00 497.00 431.00 22.00 23.00 15.00 14.00 5.00 0.00 0.00 0.00 0.00 0.00 0.00 0.00 0.00 0.00 0.00 0.00 1.00 0.00 8.00 7.00 10.00 8.00 8.00 902.00 12.00 20.00 20.00 21.00 12.00 13.00 902.00 11.00 14.00 15.00 29.00 20.00 19.00 902.00 11.00 15.00 26.00 25.00 13.00 13.00 890.00 8.00 14.00 16.00 8.00 5.00 2.00 
2.00 2.00 148.00 13.00 13.00 14.00 21.00 172.00 736.00 21.00 19.00 776.00 17.00 17.00 7.00 10.00 16.00 9.00 16.00 27.00 35.00 916.00 29.00 29.00 918.00 547.00 46.00 906.00 28.00 421.00 22.00 20.00 20.00 1.00 2.00 0.00 0.00 0.00 0.00 0.00 0.00 0.00 0.00 0.00 0.00 0.00 12.00 13.00 13.00 12.00 9.00 913.00 12.00 23.00 17.00 7.00 8.00 10.00 903.00 20.00 19.00 18.00 27.00 8.00 904.00 8.00 10.00 24.00 16.00 26.00 6.00 12.00 905.00 9.00 8.00 10.00 9.00 12.00 1.00 
7.00 14.00 910.00 26.00 14.00 20.00 16.00 923.00 12.00 8.00 8.00 6.00 11.00 11.00 4.00 3.00 19.00 18.00 545.00 16.00 25.00 913.00 31.00 34.00 384.00 23.00 32.00 905.00 23.00 923.00 29.00 17.00 17.00 10.00 8.00 2.00 1.00 1.00 2.00 0.00 0.00 0.00 1.00 0.00 0.00 0.00 10.00 9.00 15.00 9.00 9.00 908.00 11.00 20.00 17.00 17.00 14.00 12.00 888.00 28.00 19.00 28.00 25.00 18.00 874.00 9.00 10.00 29.00 22.00 26.00 15.00 14.00 895.00 13.00 6.00 9.00 20.00 19.00 10.00 
6.00 12.00 518.00 21.00 14.00 16.00 11.00 502.00 415.00 13.00 10.00 13.00 12.00 18.00 9.00 11.00 36.00 31.00 923.00 18.00 659.00 919.00 20.00 45.00 26.00 37.00 30.00 897.00 7.00 269.00 13.00 17.00 16.00 3.00 2.00 1.00 0.00 0.00 0.00 0.00 0.00 0.00 0.00 0.00 0.00 1.00 6.00 8.00 8.00 9.00 12.00 893.00 17.00 24.00 21.00 23.00 16.00 9.00 902.00 24.00 20.00 15.00 18.00 22.00 893.00 15.00 12.00 18.00 23.00 18.00 9.00 9.00 911.00 15.00 12.00 10.00 14.00 17.00 406.00 
7.00 12.00 11.00 16.00 16.00 15.00 10.00 8.00 899.00 16.00 12.00 9.00 21.00 25.00 21.00 30.00 29.00 795.00 910.00 34.00 901.00 167.00 40.00 42.00 22.00 23.00 19.00 892.00 6.00 5.00 14.00 9.00 14.00 0.00 0.00 0.00 0.00 0.00 0.00 1.00 0.00 0.00 1.00 1.00 0.00 0.00 5.00 8.00 7.00 13.00 7.00 249.00 655.00 27.00 18.00 19.00 10.00 16.00 918.00 23.00 20.00 21.00 16.00 15.00 899.00 7.00 14.00 18.00 19.00 24.00 6.00 9.00 909.00 20.00 17.00 20.00 22.00 13.00 903.00 
14.00 8.00 18.00 18.00 22.00 12.00 13.00 8.00 908.00 10.00 10.00 3.00 29.00 35.00 17.00 31.00 23.00 927.00 776.00 17.00 934.00 26.00 28.00 178.00 15.00 12.00 14.00 905.00 11.00 10.00 13.00 8.00 8.00 1.00 1.00 0.00 0.00 0.00 0.00 0.00 0.00 0.00 0.00 0.00 0.00 1.00 1.00 11.00 10.00 6.00 8.00 10.00 895.00 15.00 26.00 18.00 12.00 30.00 901.00 17.00 22.00 22.00 20.00 27.00 900.00 11.00 12.00 16.00 22.00 19.00 14.00 15.00 898.00 22.00 28.00 17.00 12.00 16.00 883.00 
17.00 6.00 11.00 15.00 12.00 3.00 9.00 11.00 919.00 12.00 2.00 14.00 19.00 25.00 14.00 26.00 19.00 907.00 34.00 27.00 915.00 22.00 38.00 911.00 35.00 45.00 23.00 896.00 22.00 10.00 7.00 14.00 8.00 3.00 1.00 1.00 0.00 0.00 0.00 0.00 0.00 0.00 0.00 0.00 1.00 0.00 0.00 8.00 9.00 10.00 5.00 11.00 925.00 17.00 11.00 16.00 17.00 15.00 909.00 16.00 20.00 19.00 14.00 18.00 909.00 9.00 14.00 21.00 14.00 21.00 8.00 12.00 891.00 21.00 23.00 23.00 28.00 22.00 890.00 
15.00 11.00 14.00 18.00 15.00 12.00 7.00 11.00 893.00 9.00 15.00 11.00 18.00 20.00 9.00 23.00 13.00 550.00 30.00 401.00 916.00 22.00 438.00 525.00 44.00 32.00 21.00 900.00 15.00 6.00 10.00 10.00 15.00 1.00 1.00 1.00 0.00 1.00 0.00 0.00 0.00 0.00 0.00 0.00 0.00 0.00 0.00 10.00 17.00 12.00 9.00 278.00 627.00 17.00 21.00 21.00 23.00 607.00 313.00 23.00 14.00 18.00 29.00 15.00 889.00 16.00 8.00 20.00 31.00 16.00 18.00 6.00 905.00 23.00 24.00 22.00 15.00 19.00 881.00 
8.00 13.00 8.00 19.00 16.00 8.00 12.00 14.00 904.00 10.00 5.00 12.00 9.00 9.00 11.00 15.00 9.00 29.00 25.00 927.00 429.00 20.00 925.00 36.00 527.00 32.00 22.00 947.00 18.00 15.00 4.00 7.00 2.00 1.00 0.00 0.00 0.00 0.00 0.00 0.00 0.00 0.00 0.00 0.00 0.00 0.00 9.00 6.00 8.00 13.00 10.00 916.00 15.00 14.00 17.00 20.00 19.00 899.00 9.00 22.00 17.00 19.00 19.00 15.00 903.00 17.00 11.00 15.00 17.00 23.00 12.00 12.00 903.00 13.00 11.00 15.00 20.00 22.00 911.00 
4.00 4.00 10.00 22.00 22.00 14.00 10.00 3.00 889.00 14.00 19.00 20.00 13.00 17.00 637.00 11.00 18.00 20.00 18.00 294.00 14.00 684.00 270.00 30.00 926.00 38.00 33.00 140.00 790.00 16.00 10.00 9.00 11.00 7.00 1.00 0.00 0.00 0.00 0.00 0.00 0.00 0.00 0.00 0.00 0.00 1.00 8.00 9.00 10.00 14.00 17.00 884.00 14.00 29.00 27.00 23.00 23.00 906.00 8.00 17.00 9.00 13.00 15.00 7.00 910.00 9.00 12.00 21.00 24.00 25.00 8.00 12.00 891.00 20.00 17.00 21.00 26.00 25.00 907.00 
11.00 13.00 12.00 18.00 10.00 5.00 10.00 14.00 393.00 16.00 538.00 24.00 25.00 24.00 917.00 26.00 770.00 34.00 39.00 34.00 17.00 892.00 14.00 33.00 158.00 17.00 26.00 9.00 909.00 15.00 5.00 7.00 8.00 11.00 0.00 0.00 0.00 2.00 0.00 1.00 0.00 0.00 0.00 0.00 0.00 0.00 11.00 10.00 9.00 3.00 11.00 909.00 18.00 22.00 12.00 19.00 14.00 914.00 5.00 19.00 18.00 23.00 19.00 13.00 893.00 13.00 13.00 21.00 23.00 26.00 6.00 8.00 891.00 21.00 22.00 19.00 14.00 22.00 902.00 
15.00 15.00 15.00 14.00 6.00 8.00 8.00 15.00 11.00 24.00 917.00 37.00 28.00 22.00 921.00 26.00 905.00 38.00 40.00 23.00 25.00 19.00 889.00 25.00 14.00 13.00 14.00 18.00 918.00 10.00 7.00 9.00 9.00 7.00 0.00 0.00 0.00 0.00 0.00 0.00 0.00 0.00 0.00 0.00 1.00 1.00 14.00 7.00 12.00 10.00 8.00 908.00 21.00 18.00 16.00 15.00 23.00 898.00 10.00 24.00 23.00 18.00 20.00 14.00 899.00 4.00 10.00 28.00 15.00 18.00 9.00 10.00 898.00 17.00 17.00 24.00 13.00 21.00 891.00 
6.00 12.00 14.00 17.00 23.00 13.00 14.00 11.00 770.00 17.00 139.00 35.00 39.00 17.00 923.00 19.00 907.00 26.00 20.00 31.00 23.00 26.00 901.00 24.00 22.00 18.00 19.00 22.00 885.00 9.00 14.00 13.00 9.00 12.00 0.00 0.00 0.00 0.00 0.00 0.00 0.00 0.00 0.00 0.00 0.00 0.00 7.00 9.00 6.00 8.00 137.00 791.00 15.00 19.00 23.00 20.00 469.00 453.00 13.00 18.00 13.00 14.00 11.00 10.00 919.00 13.00 11.00 19.00 19.00 22.00 9.00 8.00 896.00 20.00 16.00 16.00 16.00 23.00 907.00 
7.00 8.00 9.00 12.00 14.00 14.00 5.00 7.00 899.00 35.00 21.00 31.00 28.00 27.00 919.00 24.00 901.00 26.00 21.00 26.00 18.00 21.00 909.00 22.00 21.00 19.00 20.00 14.00 901.00 7.00 13.00 12.00 17.00 5.00 0.00 1.00 1.00 0.00 0.00 0.00 0.00 1.00 0.00 0.00 1.00 7.00 5.00 10.00 9.00 7.00 916.00 12.00 25.00 14.00 21.00 19.00 901.00 10.00 10.00 11.00 25.00 17.00 11.00 7.00 39.00 882.00 2.00 25.00 14.00 14.00 17.00 6.00 909.00 12.00 20.00 23.00 22.00 27.00 914.00 
14.00 10.00 10.00 24.00 25.00 11.00 8.00 11.00 894.00 23.00 14.00 33.00 30.00 17.00 916.00 19.00 930.00 36.00 19.00 24.00 15.00 12.00 918.00 16.00 13.00 15.00 17.00 21.00 903.00 13.00 14.00 6.00 6.00 14.00 0.00 1.00 1.00 0.00 0.00 0.00 0.00 0.00 0.00 1.00 1.00 8.00 10.00 11.00 10.00 20.00 883.00 17.00 20.00 19.00 20.00 22.00 912.00 12.00 10.00 8.00 16.00 20.00 9.00 8.00 4.00 905.00 12.00 19.00 22.00 27.00 26.00 14.00 881.00 20.00 21.00 22.00 28.00 17.00 892.00 
16.00 14.00 16.00 18.00 21.00 9.00 391.00 9.00 523.00 15.00 22.00 30.00 20.00 22.00 915.00 19.00 307.00 28.00 654.00 23.00 25.00 20.00 897.00 25.00 9.00 24.00 19.00 17.00 907.00 11.00 7.00 10.00 9.00 9.00 1.00 0.00 0.00 0.00 0.00 0.00 1.00 0.00 0.00 0.00 1.00 17.00 9.00 19.00 12.00 9.00 892.00 20.00 10.00 19.00 23.00 19.00 908.00 12.00 6.00 8.00 17.00 11.00 9.00 13.00 11.00 906.00 8.00 19.00 12.00 20.00 24.00 9.00 903.00 14.00 25.00 17.00 24.00 15.00 896.00 
9.00 20.00 14.00 22.00 29.00 11.00 909.00 13.00 18.00 760.00 19.00 22.00 12.00 21.00 177.00 7.00 20.00 19.00 923.00 32.00 10.00 766.00 163.00 24.00 18.00 16.00 12.00 13.00 908.00 12.00 9.00 8.00 14.00 17.00 1.00 0.00 0.00 0.00 0.00 0.00 0.00 0.00 0.00 0.00 0.00 1.00 4.00 3.00 4.00 2.00 289.00 21.00 20.00 25.00 23.00 634.00 913.00 17.00 17.00 17.00 28.00 21.00 6.00 4.00 476.00 419.00 17.00 22.00 23.00 24.00 11.00 7.00 894.00 22.00 20.00 17.00 24.00 21.00 906.00 
10.00 12.00 16.00 15.00 30.00 11.00 284.00 15.00 645.00 835.00 20.00 23.00 13.00 33.00 111.00 11.00 22.00 20.00 905.00 12.00 17.00 915.00 25.00 30.00 11.00 18.00 24.00 14.00 901.00 18.00 11.00 6.00 13.00 6.00 1.00 1.00 0.00 0.00 0.00 0.00 0.00 0.00 0.00 0.00 0.00 0.00 0.00 0.00 2.00 2.00 7.00 19.00 15.00 31.00 15.00 895.00 601.00 331.00 24.00 23.00 35.00 22.00 15.00 11.00 897.00 19.00 10.00 17.00 20.00 19.00 21.00 13.00 889.00 19.00 17.00 19.00 12.00 21.00 905.00 
12.00 4.00 7.00 22.00 20.00 4.00 10.00 12.00 921.00 13.00 22.00 21.00 18.00 26.00 906.00 20.00 253.00 24.00 703.00 26.00 24.00 916.00 18.00 28.00 31.00 16.00 17.00 3.00 913.00 10.00 8.00 10.00 6.00 6.00 0.00 0.00 0.00 0.00 0.00 0.00 1.00 0.00 0.00 1.00 0.00 13.00 5.00 7.00 6.00 8.00 897.00 6.00 22.00 17.00 21.00 33.00 7.00 902.00 12.00 27.00 16.00 18.00 13.00 16.00 901.00 7.00 10.00 18.00 24.00 25.00 7.00 10.00 912.00 20.00 19.00 22.00 22.00 18.00 887.00 
12.00 13.00 11.00 15.00 17.00 10.00 12.00 21.00 887.00 26.00 21.00 364.00 38.00 32.00 581.00 20.00 900.00 21.00 25.00 28.00 17.00 562.00 7.00 377.00 23.00 19.00 23.00 9.00 914.00 9.00 6.00 8.00 9.00 10.00 0.00 0.00 1.00 0.00 0.00 0.00 0.00 0.00 0.00 0.00 0.00 8.00 10.00 13.00 9.00 8.00 900.00 8.00 21.00 20.00 22.00 16.00 18.00 900.00 10.00 20.00 22.00 19.00 13.00 13.00 898.00 10.00 10.00 23.00 29.00 13.00 8.00 10.00 899.00 24.00 18.00 19.00 14.00 19.00 908.00 
14.00 10.00 11.00 246.00 18.00 12.00 19.00 26.00 680.00 16.00 17.00 905.00 23.00 17.00 24.00 18.00 469.00 12.00 16.00 474.00 20.00 14.00 12.00 926.00 34.00 16.00 19.00 11.00 911.00 13.00 7.00 12.00 12.00 6.00 0.00 0.00 0.00 0.00 0.00 0.00 0.00 0.00 1.00 1.00 0.00 9.00 12.00 6.00 10.00 8.00 901.00 11.00 26.00 22.00 18.00 19.00 10.00 903.00 11.00 17.00 12.00 15.00 21.00 10.00 900.00 12.00 9.00 30.00 29.00 20.00 11.00 14.00 889.00 15.00 17.00 26.00 15.00 14.00 916.00 
20.00 19.00 18.00 911.00 26.00 8.00 24.00 26.00 19.00 8.00 11.00 903.00 9.00 10.00 22.00 20.00 22.00 23.00 15.00 912.00 17.00 625.00 32.00 311.00 24.00 31.00 14.00 738.00 163.00 15.00 9.00 10.00 17.00 2.00 1.00 1.00 0.00 0.00 0.00 0.00 0.00 1.00 0.00 1.00 1.00 12.00 10.00 12.00 11.00 8.00 887.00 11.00 20.00 17.00 18.00 25.00 11.00 888.00 18.00 24.00 21.00 24.00 11.00 15.00 924.00 5.00 7.00 18.00 18.00 8.00 12.00 11.00 899.00 24.00 25.00 20.00 13.00 19.00 915.00 
476.00 25.00 10.00 411.00 28.00 16.00 26.00 26.00 496.00 13.00 21.00 921.00 29.00 14.00 19.00 724.00 29.00 14.00 19.00 213.00 16.00 897.00 17.00 20.00 24.00 20.00 25.00 806.00 96.00 12.00 14.00 9.00 13.00 1.00 0.00 1.00 0.00 0.00 1.00 0.00 0.00 0.00 0.00 0.00 0.00 13.00 11.00 12.00 10.00 15.00 895.00 11.00 19.00 20.00 11.00 28.00 176.00 727.00 10.00 25.00 18.00 27.00 17.00 14.00 886.00 10.00 11.00 19.00 25.00 20.00 11.00 17.00 889.00 20.00 22.00 20.00 20.00 28.00 441.00 
907.00 5.00 7.00 17.00 20.00 21.00 13.00 9.00 917.00 19.00 38.00 81.00 24.00 25.00 850.00 905.00 37.00 30.00 29.00 34.00 16.00 893.00 8.00 26.00 14.00 18.00 13.00 12.00 894.00 8.00 13.00 14.00 13.00 9.00 2.00 0.00 2.00 0.00 0.00 0.00 0.00 1.00 0.00 0.00 2.00 6.00 13.00 15.00 9.00 12.00 888.00 12.00 27.00 22.00 22.00 21.00 904.00 17.00 12.00 11.00 21.00 11.00 7.00 13.00 896.00 10.00 11.00 20.00 21.00 21.00 10.00 6.00 908.00 13.00 25.00 19.00 16.00 20.00 15.00 
889.00 11.00 13.00 19.00 24.00 16.00 12.00 13.00 898.00 26.00 33.00 29.00 33.00 27.00 905.00 902.00 27.00 29.00 33.00 36.00 11.00 908.00 10.00 17.00 25.00 16.00 26.00 8.00 899.00 10.00 12.00 8.00 4.00 11.00 2.00 0.00 0.00 1.00 1.00 0.00 0.00 0.00 0.00 0.00 0.00 4.00 13.00 7.00 10.00 13.00 896.00 13.00 18.00 21.00 25.00 20.00 910.00 8.00 8.00 23.00 23.00 17.00 13.00 13.00 882.00 12.00 8.00 30.00 20.00 26.00 10.00 13.00 761.00 7.00 153.00 24.00 23.00 18.00 14.00 
839.00 10.00 87.00 24.00 19.00 23.00 98.00 13.00 818.00 28.00 28.00 27.00 24.00 337.00 917.00 598.00 29.00 22.00 34.00 28.00 20.00 892.00 17.00 19.00 22.00 18.00 20.00 10.00 902.00 12.00 11.00 5.00 7.00 6.00 1.00 1.00 1.00 0.00 0.00 0.00 1.00 1.00 0.00 0.00 1.00 9.00 6.00 9.00 5.00 14.00 901.00 22.00 22.00 16.00 28.00 20.00 904.00 7.00 12.00 16.00 21.00 15.00 13.00 15.00 896.00 8.00 12.00 5.00 12.00 14.00 13.00 5.00 11.00 11.00 902.00 14.00 27.00 20.00 25.00 
15.00 23.00 908.00 20.00 21.00 18.00 926.00 11.00 13.00 30.00 33.00 20.00 20.00 890.00 936.00 20.00 32.00 30.00 30.00 19.00 10.00 904.00 19.00 16.00 19.00 11.00 17.00 14.00 903.00 8.00 9.00 4.00 13.00 11.00 0.00 0.00 1.00 0.00 0.00 0.00 0.00 0.00 1.00 0.00 0.00 8.00 11.00 10.00 10.00 12.00 904.00 24.00 18.00 21.00 11.00 18.00 895.00 10.00 15.00 22.00 18.00 15.00 11.00 6.00 916.00 11.00 5.00 4.00 16.00 15.00 7.00 7.00 7.00 14.00 907.00 9.00 19.00 25.00 24.00 
12.00 24.00 588.00 22.00 10.00 352.00 587.00 15.00 14.00 17.00 25.00 20.00 15.00 345.00 931.00 22.00 34.00 588.00 16.00 24.00 16.00 922.00 13.00 18.00 17.00 16.00 19.00 6.00 911.00 10.00 8.00 10.00 18.00 3.00 0.00 0.00 0.00 0.00 0.00 0.00 0.00 0.00 1.00 0.00 0.00 6.00 10.00 8.00 8.00 8.00 921.00 22.00 12.00 22.00 16.00 18.00 899.00 8.00 10.00 19.00 19.00 17.00 9.00 12.00 904.00 6.00 9.00 16.00 10.00 22.00 6.00 12.00 9.00 17.00 905.00 12.00 13.00 20.00 346.00 
26.00 18.00 21.00 15.00 23.00 921.00 12.00 19.00 14.00 31.00 698.00 8.00 28.00 22.00 215.00 15.00 15.00 916.00 18.00 17.00 10.00 191.00 20.00 19.00 22.00 13.00 737.00 24.00 904.00 17.00 15.00 16.00 6.00 12.00 1.00 0.00 0.00 0.00 1.00 0.00 0.00 0.00 0.00 0.00 0.00 6.00 13.00 8.00 10.00 16.00 904.00 16.00 10.00 24.00 21.00 21.00 896.00 12.00 10.00 25.00 22.00 14.00 10.00 7.00 908.00 12.00 17.00 16.00 17.00 27.00 10.00 634.00 7.00 20.00 269.00 22.00 21.00 19.00 896.00 
15.00 19.00 15.00 22.00 16.00 326.00 606.00 22.00 17.00 16.00 870.00 15.00 25.00 18.00 67.00 19.00 16.00 895.00 7.00 7.00 10.00 25.00 27.00 22.00 17.00 17.00 916.00 224.00 713.00 27.00 15.00 11.00 8.00 7.00 0.00 0.00 0.00 0.00 0.00 0.00 0.00 0.00 0.00 0.00 1.00 6.00 5.00 7.00 18.00 10.00 896.00 23.00 13.00 22.00 21.00 25.00 901.00 13.00 11.00 19.00 21.00 20.00 9.00 16.00 894.00 12.00 25.00 19.00 16.00 20.00 9.00 901.00 10.00 17.00 20.00 22.00 23.00 12.00 891.00 
7.00 19.00 24.00 11.00 17.00 6.00 917.00 9.00 14.00 16.00 17.00 20.00 24.00 20.00 907.00 202.00 17.00 740.00 15.00 10.00 11.00 16.00 31.00 18.00 19.00 20.00 919.00 910.00 16.00 19.00 22.00 15.00 11.00 1.00 1.00 0.00 0.00 0.00 0.00 0.00 0.00 1.00 0.00 1.00 1.00 11.00 7.00 10.00 5.00 7.00 921.00 23.00 12.00 17.00 15.00 19.00 910.00 9.00 10.00 19.00 14.00 20.00 9.00 11.00 901.00 8.00 21.00 28.00 20.00 18.00 7.00 908.00 10.00 15.00 12.00 18.00 16.00 14.00 911.00 
8.00 16.00 12.00 20.00 20.00 16.00 910.00 8.00 10.00 19.00 24.00 31.00 19.00 22.00 926.00 910.00 14.00 16.00 23.00 25.00 11.00 336.00 11.00 23.00 21.00 21.00 591.00 463.00 463.00 16.00 14.00 14.00 7.00 5.00 0.00 0.00 1.00 0.00 0.00 0.00 0.00 0.00 0.00 1.00 1.00 8.00 8.00 13.00 10.00 13.00 902.00 14.00 19.00 13.00 21.00 21.00 907.00 7.00 9.00 27.00 19.00 16.00 5.00 11.00 896.00 5.00 25.00 18.00 16.00 21.00 7.00 917.00 11.00 27.00 14.00 15.00 17.00 9.00 911.00 
14.00 28.00 27.00 16.00 13.00 201.00 695.00 14.00 13.00 25.00 26.00 29.00 17.00 19.00 917.00 920.00 24.00 30.00 26.00 29.00 18.00 907.00 11.00 19.00 26.00 22.00 15.00 11.00 889.00 5.00 11.00 12.00 13.00 9.00 0.00 0.00 1.00 0.00 0.00 0.00 0.00 0.00 0.00 0.00 0.00 6.00 9.00 10.00 5.00 9.00 916.00 27.00 21.00 17.00 14.00 9.00 913.00 10.00 13.00 23.00 14.00 22.00 8.00 14.00 880.00 18.00 22.00 21.00 19.00 25.00 12.00 892.00 9.00 28.00 18.00 24.00 17.00 12.00 891.00 
11.00 11.00 21.00 20.00 13.00 929.00 16.00 17.00 23.00 23.00 569.00 23.00 16.00 22.00 351.00 897.00 21.00 14.00 21.00 21.00 20.00 331.00 12.00 16.00 22.00 582.00 20.00 16.00 917.00 12.00 19.00 12.00 10.00 11.00 0.00 0.00 0.00 0.00 0.00 0.00 0.00 0.00 0.00 0.00 1.00 15.00 8.00 10.00 14.00 14.00 882.00 5.00 19.00 15.00 23.00 20.00 133.00 10.00 778.00 20.00 17.00 17.00 25.00 21.00 607.00 313.00 14.00 15.00 16.00 19.00 11.00 913.00 12.00 18.00 12.00 21.00 13.00 8.00 922.00 
454.00 23.00 24.00 16.00 21.00 904.00 19.00 31.00 37.00 31.00 913.00 20.00 690.00 26.00 25.00 233.00 10.00 14.00 4.00 2.00 8.00 16.00 9.00 19.00 19.00 900.00 21.00 30.00 911.00 18.00 19.00 10.00 8.00 9.00 0.00 1.00 1.00 0.00 0.00 0.00 0.00 0.00 0.00 0.00 0.00 5.00 10.00 12.00 8.00 12.00 904.00 10.00 10.00 30.00 15.00 13.00 10.00 11.00 895.00 13.00 16.00 13.00 23.00 20.00 10.00 913.00 26.00 21.00 18.00 18.00 18.00 901.00 10.00 6.00 16.00 21.00 22.00 6.00 468.00 
910.00 15.00 24.00 18.00 24.00 906.00 18.00 32.00 34.00 28.00 115.00 815.00 917.00 20.00 20.00 23.00 32.00 23.00 8.00 13.00 14.00 823.00 12.00 17.00 20.00 91.00 19.00 11.00 910.00 8.00 9.00 8.00 9.00 5.00 1.00 0.00 1.00 0.00 0.00 0.00 0.00 0.00 0.00 0.00 1.00 11.00 9.00 10.00 11.00 14.00 899.00 13.00 8.00 22.00 22.00 12.00 8.00 6.00 902.00 10.00 17.00 19.00 25.00 16.00 18.00 897.00 18.00 19.00 16.00 24.00 21.00 906.00 8.00 11.00 17.00 14.00 18.00 16.00 9.00 
224.00 19.00 553.00 23.00 18.00 217.00 20.00 30.00 14.00 20.00 172.00 769.00 925.00 26.00 17.00 21.00 28.00 19.00 9.00 10.00 11.00 909.00 7.00 22.00 25.00 19.00 21.00 13.00 905.00 8.00 13.00 11.00 50.00 10.00 3.00 5.00 2.00 4.00 1.00 2.00 1.00 2.00 1.00 1.00 1.00 14.00 12.00 10.00 9.00 14.00 904.00 5.00 8.00 16.00 16.00 28.00 12.00 12.00 524.00 20.00 399.00 18.00 24.00 20.00 18.00 910.00 24.00 18.00 21.00 19.00 116.00 795.00 10.00 18.00 30.00 30.00 29.00 24.00 692.00 
21.00 25.00 909.00 18.00 21.00 32.00 17.00 20.00 19.00 17.00 906.00 21.00 922.00 21.00 17.00 25.00 16.00 15.00 9.00 11.00 9.00 909.00 11.00 19.00 25.00 23.00 16.00 12.00 891.00 12.00 13.00 11.00 7.00 9.00 1.00 0.00 0.00 0.00 0.00 0.00 0.00 0.00 0.00 0.00 1.00 11.00 4.00 11.00 10.00 17.00 891.00 14.00 7.00 17.00 9.00 20.00 7.00 15.00 19.00 12.00 916.00 15.00 17.00 824.00 18.00 121.00 19.00 22.00 14.00 11.00 899.00 14.00 17.00 15.00 20.00 24.00 17.00 68.00 854.00 
27.00 25.00 113.00 22.00 12.00 804.00 21.00 441.00 19.00 28.00 515.00 28.00 912.00 22.00 18.00 9.00 22.00 16.00 4.00 17.00 12.00 912.00 9.00 9.00 25.00 13.00 15.00 10.00 903.00 14.00 11.00 11.00 12.00 6.00 0.00 0.00 0.00 1.00 0.00 0.00 0.00 0.00 1.00 1.00 0.00 14.00 7.00 9.00 13.00 7.00 902.00 10.00 3.00 7.00 24.00 23.00 13.00 14.00 633.00 22.00 283.00 21.00 19.00 765.00 165.00 15.00 20.00 14.00 20.00 13.00 915.00 7.00 20.00 19.00 17.00 16.00 10.00 907.00 13.00 
15.00 22.00 37.00 26.00 14.00 757.00 18.00 913.00 26.00 182.00 29.00 24.00 374.00 12.00 9.00 548.00 26.00 22.00 19.00 18.00 13.00 884.00 12.00 16.00 21.00 21.00 20.00 10.00 895.00 13.00 10.00 13.00 10.00 11.00 0.00 0.00 0.00 0.00 0.00 0.00 0.00 0.00 1.00 0.00 1.00 8.00 12.00 5.00 13.00 7.00 901.00 11.00 9.00 22.00 22.00 15.00 12.00 14.00 897.00 20.00 31.00 11.00 23.00 18.00 895.00 16.00 10.00 26.00 22.00 19.00 902.00 9.00 21.00 20.00 13.00 24.00 6.00 910.00 14.00 
14.00 9.00 13.00 13.00 13.00 13.00 16.00 255.00 28.00 913.00 31.00 659.00 33.00 22.00 28.00 913.00 30.00 26.00 21.00 18.00 19.00 900.00 9.00 15.00 21.00 21.00 17.00 14.00 911.00 8.00 8.00 8.00 8.00 11.00 0.00 1.00 0.00 0.00 0.00 0.00 0.00 0.00 0.00 0.00 1.00 12.00 10.00 12.00 8.00 8.00 897.00 10.00 9.00 11.00 16.00 19.00 8.00 16.00 903.00 25.00 26.00 18.00 16.00 25.00 894.00 14.00 24.00 17.00 25.00 25.00 304.00 609.00 16.00 18.00 16.00 22.00 13.00 901.00 13.00 
14.00 20.00 13.00 13.00 14.00 409.00 15.00 20.00 27.00 515.00 27.00 930.00 811.00 25.00 24.00 137.00 19.00 21.00 14.00 6.00 6.00 919.00 6.00 15.00 19.00 26.00 19.00 6.00 908.00 10.00 6.00 9.00 12.00 6.00 0.00 0.00 2.00 0.00 0.00 0.00 0.00 0.00 2.00 0.00 1.00 9.00 12.00 7.00 15.00 13.00 903.00 8.00 8.00 11.00 15.00 22.00 5.00 6.00 924.00 12.00 11.00 19.00 16.00 16.00 922.00 8.00 13.00 22.00 16.00 18.00 15.00 899.00 19.00 17.00 22.00 16.00 29.00 904.00 2.00 
25.00 11.00 15.00 26.00 7.00 907.00 25.00 18.00 21.00 28.00 27.00 914.00 903.00 15.00 33.00 29.00 30.00 21.00 12.00 10.00 10.00 901.00 5.00 16.00 18.00 15.00 24.00 8.00 899.00 15.00 13.00 13.00 9.00 10.00 1.00 2.00 0.00 0.00 1.00 0.00 1.00 0.00 0.00 2.00 1.00 12.00 9.00 15.00 9.00 8.00 896.00 9.00 15.00 16.00 18.00 20.00 15.00 8.00 912.00 16.00 22.00 20.00 18.00 11.00 884.00 14.00 24.00 22.00 16.00 11.00 11.00 923.00 19.00 19.00 19.00 14.00 25.00 898.00 11.00 
804.00 17.00 22.00 30.00 665.00 267.00 18.00 28.00 309.00 24.00 23.00 641.00 913.00 21.00 20.00 17.00 28.00 27.00 13.00 11.00 6.00 889.00 13.00 19.00 21.00 16.00 15.00 9.00 898.00 16.00 10.00 11.00 6.00 15.00 1.00 1.00 1.00 0.00 0.00 0.00 0.00 1.00 1.00 0.00 0.00 8.00 11.00 12.00 16.00 9.00 905.00 5.00 10.00 8.00 15.00 20.00 9.00 11.00 414.00 19.00 502.00 19.00 20.00 24.00 876.00 33.00 29.00 24.00 15.00 23.00 8.00 905.00 9.00 12.00 23.00 17.00 20.00 107.00 15.00 
759.00 18.00 21.00 28.00 935.00 25.00 14.00 24.00 930.00 21.00 27.00 21.00 916.00 10.00 8.00 10.00 17.00 21.00 9.00 13.00 7.00 895.00 11.00 18.00 28.00 19.00 20.00 3.00 908.00 9.00 6.00 7.00 14.00 7.00 0.00 1.00 0.00 0.00 0.00 0.00 1.00 2.00 1.00 1.00 0.00 13.00 8.00 6.00 11.00 7.00 900.00 9.00 12.00 9.00 11.00 19.00 13.00 15.00 6.00 10.00 897.00 20.00 27.00 18.00 21.00 909.00 26.00 20.00 20.00 23.00 25.00 893.00 10.00 12.00 20.00 29.00 26.00 147.00 23.00 
19.00 27.00 24.00 19.00 895.00 19.00 30.00 26.00 404.00 27.00 25.00 521.00 917.00 19.00 11.00 15.00 18.00 20.00 11.00 17.00 8.00 357.00 550.00 22.00 13.00 24.00 25.00 23.00 898.00 7.00 7.00 9.00 7.00 10.00 0.00 0.00 0.00 1.00 0.00 0.00 0.00 0.00 0.00 1.00 1.00 14.00 10.00 6.00 7.00 6.00 907.00 9.00 11.00 21.00 10.00 16.00 13.00 5.00 755.00 11.00 177.00 22.00 19.00 24.00 12.00 904.00 20.00 14.00 11.00 15.00 21.00 900.00 16.00 17.00 11.00 25.00 30.00 906.00 28.00 
11.00 13.00 18.00 29.00 655.00 7.00 273.00 26.00 22.00 35.00 19.00 920.00 919.00 18.00 17.00 19.00 21.00 24.00 10.00 10.00 8.00 9.00 895.00 22.00 23.00 22.00 17.00 19.00 899.00 12.00 10.00 15.00 8.00 5.00 0.00 2.00 1.00 0.00 0.00 0.00 0.00 0.00 0.00 0.00 0.00 7.00 13.00 7.00 9.00 16.00 898.00 9.00 17.00 19.00 23.00 19.00 9.00 15.00 888.00 20.00 20.00 23.00 12.00 23.00 11.00 889.00 19.00 23.00 22.00 20.00 18.00 891.00 17.00 24.00 16.00 18.00 21.00 513.00 418.00 
8.00 19.00 17.00 20.00 15.00 9.00 901.00 23.00 35.00 24.00 29.00 166.00 917.00 18.00 774.00 17.00 17.00 32.00 20.00 18.00 11.00 8.00 897.00 23.00 12.00 20.00 23.00 21.00 904.00 7.00 6.00 7.00 15.00 12.00 0.00 0.00 0.00 1.00 0.00 1.00 0.00 0.00 1.00 0.00 0.00 7.00 12.00 9.00 4.00 10.00 890.00 18.00 11.00 24.00 19.00 24.00 14.00 11.00 890.00 11.00 17.00 19.00 19.00 24.00 17.00 907.00 14.00 19.00 16.00 14.00 20.00 903.00 11.00 25.00 22.00 19.00 18.00 12.00 902.00 
17.00 19.00 17.00 15.00 23.00 16.00 898.00 22.00 17.00 35.00 26.00 31.00 919.00 140.00 788.00 17.00 17.00 34.00 27.00 22.00 12.00 153.00 751.00 16.00 15.00 21.00 19.00 17.00 902.00 7.00 15.00 12.00 11.00 7.00 0.00 0.00 0.00 0.00 0.00 0.00 0.00 1.00 0.00 1.00 1.00 14.00 9.00 15.00 12.00 9.00 899.00 7.00 4.00 20.00 15.00 15.00 8.00 23.00 884.00 11.00 19.00 25.00 19.00 24.00 9.00 914.00 15.00 15.00 15.00 16.00 18.00 911.00 15.00 21.00 19.00 18.00 24.00 13.00 884.00 
9.00 19.00 21.00 12.00 16.00 10.00 906.00 22.00 28.00 32.00 23.00 34.00 898.00 902.00 18.00 25.00 31.00 32.00 16.00 14.00 19.00 898.00 12.00 17.00 20.00 23.00 24.00 15.00 896.00 11.00 10.00 9.00 6.00 8.00 0.00 0.00 0.00 0.00 0.00 0.00 0.00 0.00 0.00 2.00 0.00 8.00 7.00 12.00 9.00 9.00 901.00 8.00 10.00 22.00 21.00 22.00 10.00 11.00 895.00 9.00 18.00 30.00 13.00 20.00 10.00 904.00 14.00 19.00 21.00 26.00 9.00 908.00 15.00 14.00 24.00 28.00 21.00 7.00 907.00 
13.00 18.00 22.00 25.00 16.00 18.00 901.00 22.00 29.00 403.00 20.00 32.00 917.00 527.00 21.00 19.00 27.00 29.00 17.00 13.00 9.00 895.00 10.00 18.00 23.00 18.00 19.00 6.00 917.00 8.00 6.00 7.00 6.00 12.00 1.00 1.00 1.00 0.00 0.00 0.00 0.00 0.00 0.00 1.00 2.00 8.00 9.00 3.00 14.00 14.00 889.00 15.00 14.00 23.00 18.00 17.00 10.00 13.00 906.00 6.00 18.00 21.00 14.00 19.00 13.00 905.00 22.00 23.00 22.00 14.00 16.00 904.00 16.00 22.00 15.00 17.00 14.00 10.00 907.00 
9.00 12.00 22.00 22.00 34.00 21.00 904.00 34.00 36.00 920.00 26.00 26.00 918.00 16.00 20.00 12.00 25.00 21.00 8.00 6.00 13.00 891.00 12.00 18.00 26.00 20.00 14.00 10.00 903.00 11.00 9.00 9.00 8.00 13.00 2.00 1.00 0.00 0.00 0.00 0.00 0.00 0.00 0.00 0.00 0.00 9.00 10.00 10.00 9.00 5.00 902.00 10.00 8.00 20.00 19.00 22.00 11.00 11.00 904.00 12.00 20.00 18.00 23.00 16.00 15.00 901.00 16.00 16.00 29.00 12.00 22.00 903.00 12.00 18.00 17.00 12.00 20.00 7.00 909.00 
13.00 24.00 23.00 22.00 24.00 19.00 914.00 27.00 27.00 921.00 30.00 30.00 901.00 20.00 17.00 13.00 21.00 26.00 11.00 10.00 7.00 907.00 10.00 10.00 17.00 19.00 17.00 9.00 137.00 782.00 11.00 9.00 5.00 12.00 7.00 0.00 0.00 0.00 0.00 0.00 0.00 0.00 0.00 0.00 0.00 8.00 8.00 12.00 9.00 8.00 917.00 15.00 5.00 16.00 18.00 12.00 12.00 5.00 904.00 13.00 23.00 14.00 23.00 18.00 8.00 900.00 19.00 21.00 25.00 17.00 22.00 893.00 14.00 20.00 13.00 18.00 20.00 7.00 911.00 
14.00 13.00 10.00 8.00 30.00 20.00 922.00 18.00 24.00 922.00 16.00 28.00 162.00 27.00 25.00 8.00 752.00 25.00 18.00 20.00 16.00 902.00 21.00 10.00 21.00 25.00 25.00 15.00 7.00 886.00 12.00 9.00 9.00 4.00 11.00 0.00 0.00 1.00 0.00 0.00 0.00 0.00 0.00 1.00 0.00 15.00 8.00 8.00 15.00 8.00 896.00 8.00 18.00 19.00 13.00 20.00 11.00 9.00 911.00 10.00 22.00 13.00 21.00 18.00 13.00 895.00 26.00 14.00 22.00 18.00 23.00 890.00 17.00 23.00 25.00 517.00 23.00 8.00 406.00 
8.00 17.00 12.00 9.00 12.00 12.00 903.00 11.00 21.00 41.00 18.00 22.00 24.00 891.00 19.00 23.00 918.00 27.00 26.00 21.00 17.00 22.00 884.00 10.00 20.00 24.00 26.00 23.00 6.00 906.00 8.00 8.00 11.00 3.00 13.00 0.00 2.00 0.00 0.00 0.00 0.00 0.00 0.00 1.00 1.00 10.00 7.00 12.00 10.00 5.00 904.00 8.00 20.00 14.00 19.00 19.00 13.00 11.00 902.00 7.00 28.00 13.00 14.00 21.00 11.00 904.00 11.00 23.00 30.00 14.00 35.00 93.00 833.00 17.00 17.00 906.00 21.00 21.00 7.00 
15.00 22.00 19.00 13.00 17.00 14.00 908.00 14.00 20.00 236.00 14.00 19.00 21.00 686.00 21.00 20.00 920.00 27.00 34.00 266.00 23.00 22.00 641.00 16.00 30.00 20.00 18.00 397.00 15.00 518.00 4.00 11.00 11.00 5.00 5.00 2.00 0.00 0.00 0.00 1.00 0.00 0.00 0.00 1.00 1.00 5.00 12.00 15.00 9.00 11.00 908.00 7.00 11.00 17.00 16.00 12.00 7.00 5.00 920.00 9.00 19.00 16.00 35.00 12.00 11.00 904.00 7.00 19.00 13.00 21.00 18.00 17.00 900.00 19.00 28.00 161.00 13.00 25.00 751.00 
13.00 19.00 17.00 23.00 26.00 13.00 919.00 22.00 14.00 917.00 29.00 24.00 24.00 24.00 33.00 375.00 555.00 20.00 9.00 911.00 18.00 17.00 20.00 21.00 20.00 8.00 11.00 902.00 8.00 15.00 8.00 8.00 5.00 0.00 0.00 1.00 0.00 0.00 0.00 0.00 0.00 0.00 0.00 0.00 0.00 8.00 10.00 6.00 16.00 9.00 901.00 14.00 16.00 17.00 13.00 21.00 12.00 13.00 895.00 9.00 25.00 14.00 22.00 21.00 13.00 895.00 10.00 16.00 18.00 23.00 19.00 11.00 904.00 23.00 14.00 20.00 21.00 19.00 903.00 
9.00 19.00 25.00 14.00 27.00 13.00 926.00 496.00 17.00 427.00 28.00 30.00 28.00 15.00 15.00 916.00 14.00 7.00 19.00 406.00 23.00 11.00 26.00 520.00 14.00 10.00 13.00 901.00 21.00 16.00 10.00 13.00 12.00 2.00 0.00 0.00 0.00 0.00 0.00 0.00 0.00 0.00 1.00 0.00 2.00 11.00 8.00 5.00 11.00 12.00 917.00 6.00 8.00 15.00 18.00 15.00 7.00 3.00 916.00 11.00 20.00 26.00 21.00 18.00 12.00 893.00 16.00 16.00 9.00 14.00 24.00 7.00 910.00 21.00 18.00 19.00 19.00 20.00 908.00 
6.00 21.00 29.00 33.00 36.00 26.00 686.00 896.00 26.00 16.00 25.00 251.00 19.00 19.00 9.00 888.00 15.00 19.00 28.00 19.00 25.00 14.00 16.00 890.00 15.00 27.00 19.00 912.00 24.00 12.00 16.00 8.00 10.00 0.00 1.00 0.00 0.00 0.00 0.00 0.00 0.00 0.00 0.00 0.00 0.00 10.00 7.00 7.00 11.00 6.00 914.00 6.00 7.00 21.00 15.00 18.00 11.00 8.00 905.00 9.00 20.00 27.00 17.00 21.00 12.00 896.00 14.00 12.00 27.00 17.00 22.00 8.00 906.00 21.00 13.00 19.00 18.00 16.00 903.00 
19.00 16.00 20.00 26.00 26.00 735.00 17.00 186.00 22.00 18.00 20.00 912.00 31.00 23.00 27.00 911.00 26.00 25.00 19.00 775.00 13.00 9.00 11.00 155.00 21.00 13.00 20.00 23.00 10.00 883.00 13.00 9.00 9.00 8.00 6.00 0.00 0.00 1.00 0.00 0.00 0.00 0.00 1.00 0.00 0.00 4.00 7.00 7.00 11.00 5.00 920.00 10.00 6.00 18.00 26.00 20.00 13.00 11.00 896.00 11.00 19.00 17.00 19.00 16.00 8.00 914.00 19.00 18.00 15.00 13.00 23.00 678.00 240.00 19.00 12.00 13.00 23.00 16.00 894.00 
22.00 21.00 17.00 27.00 22.00 970.00 16.00 30.00 311.00 25.00 19.00 439.00 18.00 17.00 20.00 66.00 868.00 19.00 20.00 822.00 17.00 18.00 23.00 121.00 25.00 13.00 235.00 12.00 8.00 676.00 13.00 14.00 11.00 9.00 11.00 2.00 1.00 2.00 2.00 2.00 2.00 3.00 3.00 2.00 2.00 14.00 8.00 11.00 12.00 10.00 895.00 12.00 25.00 15.00 17.00 20.00 332.00 6.00 608.00 10.00 20.00 13.00 14.00 18.00 11.00 901.00 19.00 19.00 32.00 23.00 20.00 902.00 11.00 23.00 24.00 19.00 19.00 9.00 912.00 
22.00 19.00 15.00 38.00 29.00 904.00 14.00 19.00 905.00 24.00 23.00 29.00 20.00 30.00 6.00 12.00 876.00 15.00 24.00 21.00 25.00 34.00 19.00 908.00 20.00 10.00 914.00 22.00 16.00 13.00 6.00 12.00 0.00 2.00 0.00 0.00 0.00 0.00 0.00 0.00 0.00 0.00 0.00 0.00 0.00 3.00 10.00 10.00 5.00 9.00 25.00 902.00 19.00 21.00 19.00 17.00 914.00 14.00 10.00 6.00 21.00 21.00 9.00 7.00 8.00 893.00 22.00 17.00 24.00 21.00 20.00 908.00 10.00 21.00 24.00 24.00 18.00 13.00 889.00 
25.00 10.00 14.00 31.00 24.00 900.00 28.00 22.00 919.00 20.00 28.00 21.00 25.00 17.00 11.00 7.00 909.00 16.00 20.00 22.00 22.00 382.00 20.00 547.00 20.00 19.00 905.00 13.00 14.00 15.00 10.00 10.00 0.00 3.00 0.00 0.00 1.00 0.00 0.00 0.00 0.00 0.00 0.00 0.00 0.00 2.00 8.00 6.00 8.00 10.00 239.00 684.00 22.00 19.00 20.00 20.00 343.00 577.00 7.00 11.00 27.00 12.00 17.00 9.00 9.00 900.00 16.00 20.00 21.00 25.00 30.00 616.00 297.00 25.00 21.00 18.00 16.00 14.00 881.00 
15.00 12.00 94.00 30.00 26.00 832.00 19.00 21.00 911.00 27.00 24.00 13.00 21.00 19.00 485.00 13.00 445.00 22.00 17.00 20.00 7.00 921.00 27.00 14.00 24.00 16.00 906.00 8.00 16.00 12.00 7.00 4.00 2.00 0.00 1.00 0.00 0.00 1.00 0.00 0.00 0.00 1.00 1.00 0.00 1.00 16.00 5.00 6.00 9.00 10.00 908.00 9.00 13.00 18.00 20.00 15.00 5.00 911.00 14.00 9.00 16.00 21.00 24.00 9.00 14.00 907.00 8.00 19.00 16.00 15.00 15.00 12.00 907.00 19.00 22.00 18.00 22.00 21.00 912.00 
16.00 25.00 925.00 27.00 32.00 19.00 22.00 18.00 891.00 21.00 17.00 14.00 24.00 21.00 889.00 13.00 22.00 17.00 21.00 21.00 12.00 910.00 25.00 24.00 15.00 20.00 169.00 753.00 11.00 5.00 10.00 9.00 3.00 0.00 0.00 1.00 0.00 0.00 0.00 0.00 0.00 0.00 0.00 1.00 1.00 6.00 14.00 7.00 9.00 12.00 900.00 13.00 11.00 19.00 17.00 22.00 11.00 902.00 12.00 12.00 21.00 22.00 21.00 12.00 10.00 901.00 7.00 16.00 13.00 20.00 25.00 8.00 907.00 14.00 14.00 24.00 30.00 26.00 918.00 
485.00 16.00 584.00 32.00 31.00 347.00 18.00 170.00 741.00 40.00 21.00 17.00 25.00 15.00 900.00 7.00 22.00 26.00 21.00 22.00 13.00 893.00 15.00 11.00 17.00 15.00 21.00 916.00 13.00 13.00 7.00 10.00 11.00 1.00 0.00 0.00 0.00 0.00 0.00 0.00 0.00 0.00 0.00 0.00 0.00 5.00 10.00 11.00 13.00 11.00 894.00 10.00 27.00 18.00 19.00 21.00 174.00 738.00 5.00 11.00 28.00 17.00 20.00 9.00 7.00 898.00 15.00 29.00 17.00 21.00 25.00 6.00 903.00 7.00 13.00 24.00 23.00 24.00 451.00 
900.00 26.00 22.00 27.00 36.00 925.00 18.00 922.00 20.00 25.00 19.00 29.00 19.00 15.00 891.00 14.00 15.00 21.00 28.00 18.00 877.00 44.00 18.00 17.00 23.00 24.00 9.00 903.00 6.00 11.00 6.00 8.00 9.00 0.00 0.00 0.00 0.00 0.00 0.00 0.00 0.00 0.00 0.00 0.00 0.00 11.00 13.00 5.00 14.00 6.00 918.00 12.00 14.00 14.00 19.00 13.00 911.00 9.00 13.00 8.00 22.00 18.00 7.00 13.00 7.00 911.00 6.00 16.00 15.00 20.00 21.00 15.00 895.00 10.00 23.00 19.00 17.00 26.00 14.00 
201.00 12.00 19.00 25.00 17.00 914.00 17.00 926.00 17.00 26.00 33.00 11.00 20.00 10.00 908.00 23.00 23.00 16.00 21.00 12.00 888.00 12.00 19.00 20.00 17.00 17.00 7.00 917.00 2.00 10.00 11.00 12.00 11.00 0.00 2.00 0.00 1.00 0.00 0.00 0.00 0.00 0.00 0.00 2.00 0.00 6.00 10.00 11.00 11.00 2.00 901.00 22.00 23.00 22.00 23.00 17.00 903.00 3.00 9.00 14.00 21.00 17.00 13.00 9.00 12.00 893.00 14.00 16.00 20.00 32.00 27.00 153.00 765.00 20.00 742.00 17.00 21.00 24.00 8.00 
19.00 88.00 20.00 15.00 19.00 912.00 25.00 904.00 19.00 21.00 35.00 24.00 17.00 10.00 892.00 22.00 22.00 19.00 17.00 22.00 912.00 11.00 20.00 24.00 18.00 14.00 9.00 905.00 12.00 7.00 7.00 8.00 9.00 0.00 0.00 0.00 0.00 0.00 0.00 0.00 0.00 1.00 0.00 2.00 0.00 6.00 12.00 9.00 10.00 5.00 907.00 22.00 15.00 17.00 20.00 20.00 906.00 6.00 12.00 18.00 16.00 25.00 12.00 9.00 845.00 70.00 13.00 24.00 14.00 32.00 22.00 905.00 26.00 19.00 822.00 20.00 29.00 17.00 14.00 
17.00 1200.00 26.00 19.00 34.00 83.00 28.00 904.00 11.00 19.00 29.00 17.00 22.00 9.00 913.00 23.00 26.00 32.00 19.00 19.00 886.00 12.00 15.00 20.00 18.00 25.00 17.00 309.00 7.00 612.00 9.00 6.00 7.00 8.00 10.00 2.00 2.00 3.00 1.00 2.00 1.00 2.00 2.00 2.00 1.00 10.00 7.00 13.00 14.00 17.00 897.00 16.00 21.00 26.00 23.00 20.00 245.00 676.00 11.00 18.00 18.00 19.00 20.00 8.00 911.00 12.00 21.00 19.00 17.00 27.00 20.00 905.00 18.00 22.00 426.00 31.00 25.00 26.00 12.00 
25.00 901.00 18.00 29.00 17.00 18.00 22.00 906.00 13.00 18.00 17.00 19.00 21.00 11.00 903.00 14.00 16.00 21.00 15.00 16.00 918.00 6.00 12.00 11.00 27.00 17.00 9.00 5.00 13.00 886.00 12.00 9.00 11.00 14.00 8.00 1.00 0.00 0.00 2.00 1.00 0.00 0.00 1.00 2.00 3.00 12.00 9.00 6.00 11.00 11.00 889.00 7.00 15.00 24.00 20.00 23.00 9.00 906.00 9.00 18.00 22.00 13.00 23.00 13.00 893.00 13.00 13.00 20.00 22.00 28.00 13.00 930.00 20.00 13.00 917.00 27.00 28.00 14.00 21.00 
26.00 887.00 28.00 25.00 34.00 31.00 27.00 889.00 11.00 20.00 13.00 17.00 23.00 10.00 891.00 18.00 20.00 27.00 9.00 22.00 900.00 15.00 12.00 10.00 26.00 20.00 6.00 3.00 10.00 919.00 7.00 13.00 5.00 12.00 8.00 0.00 0.00 0.00 0.00 0.00 0.00 0.00 1.00 1.00 0.00 6.00 12.00 11.00 9.00 8.00 906.00 11.00 23.00 17.00 20.00 19.00 8.00 897.00 11.00 23.00 18.00 24.00 22.00 7.00 880.00 14.00 21.00 21.00 19.00 28.00 15.00 271.00 645.00 22.00 241.00 26.00 33.00 25.00 691.00 
20.00 470.00 30.00 31.00 22.00 17.00 26.00 906.00 12.00 15.00 23.00 454.00 16.00 19.00 925.00 23.00 18.00 24.00 28.00 17.00 902.00 12.00 7.00 6.00 17.00 17.00 10.00 8.00 5.00 907.00 9.00 24.00 6.00 7.00 8.00 0.00 1.00 0.00 0.00 0.00 0.00 0.00 0.00 0.00 1.00 6.00 9.00 6.00 9.00 7.00 913.00 9.00 17.00 15.00 17.00 19.00 9.00 907.00 10.00 21.00 16.00 20.00 22.00 15.00 896.00 11.00 13.00 14.00 20.00 15.00 12.00 10.00 908.00 20.00 14.00 27.00 22.00 21.00 907.00 
7.00 10.00 25.00 17.00 19.00 12.00 14.00 907.00 21.00 26.00 32.00 916.00 33.00 21.00 922.00 32.00 25.00 22.00 17.00 18.00 883.00 12.00 12.00 13.00 31.00 23.00 16.00 9.00 8.00 892.00 6.00 11.00 13.00 12.00 12.00 0.00 0.00 0.00 0.00 2.00 0.00 0.00 0.00 0.00 0.00 6.00 6.00 14.00 7.00 17.00 910.00 13.00 21.00 14.00 17.00 13.00 7.00 910.00 10.00 19.00 31.00 17.00 11.00 10.00 904.00 7.00 4.00 13.00 16.00 21.00 7.00 13.00 912.00 21.00 21.00 13.00 17.00 27.00 900.00 
5.00 14.00 18.00 15.00 21.00 15.00 25.00 918.00 21.00 33.00 23.00 912.00 30.00 20.00 897.00 32.00 30.00 22.00 29.00 19.00 899.00 13.00 15.00 7.00 16.00 25.00 9.00 8.00 5.00 901.00 11.00 9.00 6.00 13.00 13.00 0.00 0.00 2.00 1.00 0.00 0.00 0.00 0.00 0.00 0.00 8.00 9.00 12.00 11.00 7.00 701.00 200.00 26.00 26.00 20.00 9.00 531.00 390.00 12.00 18.00 25.00 17.00 10.00 14.00 909.00 10.00 8.00 17.00 24.00 21.00 11.00 9.00 894.00 19.00 18.00 26.00 19.00 21.00 896.00 
11.00 12.00 27.00 28.00 15.00 7.00 16.00 920.00 26.00 31.00 37.00 915.00 455.00 23.00 489.00 25.00 26.00 13.00 13.00 18.00 903.00 11.00 9.00 7.00 17.00 20.00 9.00 13.00 7.00 891.00 9.00 15.00 12.00 11.00 11.00 1.00 2.00 1.00 0.00 0.00 0.00 0.00 0.00 1.00 0.00 0.00 4.00 18.00 4.00 6.00 13.00 923.00 21.00 19.00 22.00 18.00 902.00 7.00 12.00 20.00 18.00 21.00 12.00 10.00 887.00 8.00 16.00 20.00 17.00 23.00 9.00 5.00 908.00 20.00 18.00 25.00 16.00 28.00 893.00 
14.00 17.00 19.00 15.00 24.00 9.00 14.00 160.00 799.00 34.00 27.00 908.00 946.00 21.00 17.00 26.00 25.00 22.00 11.00 11.00 905.00 11.00 12.00 7.00 16.00 11.00 7.00 12.00 6.00 911.00 11.00 12.00 9.00 9.00 5.00 0.00 0.00 0.00 0.00 1.00 0.00 0.00 0.00 0.00 0.00 9.00 14.00 11.00 5.00 9.00 455.00 463.00 14.00 12.00 19.00 20.00 137.00 781.00 12.00 26.00 22.00 23.00 18.00 7.00 903.00 9.00 10.00 16.00 25.00 11.00 15.00 12.00 889.00 13.00 28.00 30.00 22.00 16.00 880.00 
14.00 10.00 9.00 23.00 308.00 132.00 21.00 24.00 806.00 26.00 24.00 624.00 245.00 24.00 696.00 17.00 23.00 23.00 13.00 20.00 912.00 10.00 10.00 7.00 17.00 19.00 11.00 9.00 6.00 896.00 16.00 14.00 6.00 12.00 9.00 0.00 0.00 0.00 0.00 0.00 0.00 0.00 0.00 0.00 2.00 15.00 10.00 12.00 9.00 14.00 889.00 9.00 24.00 21.00 15.00 26.00 3.00 911.00 11.00 19.00 17.00 18.00 13.00 11.00 906.00 13.00 5.00 23.00 18.00 18.00 10.00 8.00 902.00 19.00 16.00 14.00 18.00 21.00 924.00 
26.00 21.00 16.00 32.00 906.00 901.00 17.00 33.00 20.00 26.00 16.00 13.00 12.00 11.00 906.00 10.00 17.00 18.00 13.00 22.00 80.00 832.00 11.00 12.00 23.00 19.00 17.00 8.00 10.00 901.00 9.00 14.00 7.00 12.00 5.00 0.00 1.00 0.00 0.00 0.00 0.00 0.00 1.00 0.00 0.00 11.00 13.00 14.00 9.00 7.00 900.00 10.00 24.00 21.00 19.00 16.00 9.00 899.00 16.00 16.00 14.00 24.00 17.00 5.00 913.00 10.00 10.00 19.00 31.00 15.00 31.00 18.00 916.00 792.00 15.00 17.00 13.00 18.00 140.00 
23.00 29.00 27.00 566.00 351.00 908.00 13.00 20.00 23.00 26.00 19.00 8.00 12.00 11.00 901.00 10.00 21.00 12.00 19.00 19.00 18.00 906.00 14.00 4.00 22.00 14.00 21.00 16.00 11.00 895.00 9.00 9.00 12.00 9.00 11.00 0.00 1.00 0.00 0.00 0.00 0.00 0.00 3.00 0.00 1.00 13.00 7.00 9.00 8.00 11.00 887.00 14.00 11.00 19.00 20.00 24.00 14.00 514.00 398.00 18.00 26.00 20.00 15.00 18.00 909.00 9.00 13.00 17.00 34.00 22.00 114.00 20.00 815.00 773.00 20.00 14.00 16.00 22.00 162.00 
35.00 29.00 30.00 911.00 31.00 911.00 15.00 18.00 20.00 19.00 24.00 8.00 14.00 10.00 902.00 6.00 18.00 17.00 19.00 21.00 12.00 909.00 10.00 8.00 18.00 18.00 18.00 16.00 8.00 886.00 7.00 7.00 15.00 17.00 10.00 1.00 2.00 1.00 1.00 0.00 0.00 0.00 0.00 0.00 0.00 9.00 9.00 4.00 8.00 11.00 919.00 4.00 8.00 18.00 18.00 16.00 15.00 8.00 897.00 15.00 11.00 28.00 24.00 25.00 109.00 23.00 808.00 15.00 15.00 12.00 912.00 15.00 13.00 15.00 16.00 22.00 14.00 29.00 913.00 
24.00 24.00 648.00 121.00 822.00 301.00 18.00 11.00 12.00 14.00 13.00 7.00 11.00 11.00 894.00 17.00 21.00 15.00 12.00 21.00 5.00 906.00 5.00 11.00 22.00 23.00 22.00 15.00 9.00 902.00 11.00 12.00 15.00 19.00 12.00 5.00 5.00 375.00 5.00 6.00 6.00 6.00 4.00 0.00 0.00 12.00 6.00 7.00 9.00 9.00 902.00 12.00 21.00 16.00 16.00 25.00 9.00 642.00 278.00 11.00 12.00 25.00 8.00 9.00 10.00 170.00 775.00 24.00 15.00 369.00 545.00 23.00 17.00 12.00 15.00 21.00 18.00 19.00 520.00 
21.00 25.00 906.00 153.00 762.00 21.00 30.00 21.00 14.00 17.00 14.00 10.00 8.00 13.00 900.00 10.00 18.00 20.00 16.00 12.00 14.00 910.00 6.00 10.00 24.00 15.00 24.00 10.00 7.00 913.00 4.00 10.00 19.00 18.00 15.00 9.00 14.00 905.00 8.00 9.00 9.00 7.00 6.00 1.00 0.00 8.00 13.00 15.00 12.00 9.00 901.00 5.00 23.00 21.00 14.00 11.00 9.00 901.00 12.00 12.00 26.00 24.00 20.00 11.00 19.00 907.00 12.00 17.00 20.00 905.00 16.00 10.00 15.00 19.00 13.00 2.00 7.00 13.00 20.00 
13.00 881.00 50.00 920.00 27.00 12.00 18.00 7.00 17.00 12.00 17.00 13.00 7.00 8.00 886.00 14.00 24.00 10.00 24.00 17.00 12.00 905.00 10.00 5.00 20.00 17.00 24.00 10.00 17.00 903.00 9.00 11.00 18.00 19.00 14.00 12.00 9.00 904.00 8.00 10.00 12.00 4.00 9.00 3.00 2.00 6.00 11.00 12.00 12.00 14.00 904.00 8.00 19.00 18.00 22.00 16.00 8.00 895.00 9.00 11.00 21.00 18.00 20.00 14.00 19.00 911.00 19.00 18.00 17.00 920.00 16.00 7.00 14.00 8.00 12.00 8.00 11.00 20.00 18.00 
30.00 678.00 250.00 885.00 24.00 23.00 25.00 11.00 16.00 13.00 12.00 7.00 7.00 5.00 906.00 14.00 21.00 14.00 19.00 14.00 12.00 914.00 9.00 8.00 24.00 21.00 16.00 6.00 11.00 897.00 13.00 9.00 21.00 21.00 16.00 6.00 11.00 897.00 13.00 10.00 11.00 9.00 14.00 0.00 2.00 11.00 13.00 10.00 12.00 10.00 891.00 11.00 20.00 15.00 22.00 12.00 7.00 916.00 13.00 15.00 12.00 21.00 14.00 8.00 24.00 912.00 17.00 23.00 19.00 909.00 14.00 14.00 9.00 18.00 5.00 13.00 5.00 18.00 22.00 
18.00 18.00 918.00 910.00 13.00 21.00 18.00 22.00 12.00 7.00 12.00 10.00 9.00 9.00 914.00 7.00 13.00 20.00 15.00 28.00 13.00 905.00 9.00 6.00 19.00 22.00 20.00 12.00 7.00 900.00 13.00 7.00 16.00 18.00 21.00 11.00 7.00 906.00 5.00 12.00 10.00 7.00 13.00 2.00 2.00 20.00 10.00 12.00 16.00 9.00 889.00 7.00 17.00 15.00 12.00 23.00 16.00 903.00 10.00 11.00 17.00 17.00 19.00 8.00 28.00 914.00 27.00 23.00 26.00 890.00 21.00 10.00 8.00 6.00 11.00 1.00 6.00 15.00 26.00 
7.00 25.00 449.00 249.00 9.00 10.00 495.00 11.00 5.00 12.00 12.00 16.00 10.00 6.00 916.00 7.00 16.00 17.00 16.00 18.00 302.00 609.00 13.00 7.00 31.00 18.00 7.00 11.00 7.00 918.00 7.00 11.00 18.00 16.00 20.00 8.00 16.00 899.00 10.00 7.00 8.00 13.00 7.00 1.00 1.00 13.00 11.00 12.00 8.00 12.00 897.00 6.00 26.00 17.00 16.00 25.00 11.00 902.00 12.00 8.00 18.00 15.00 18.00 5.00 13.00 916.00 27.00 19.00 16.00 903.00 21.00 14.00 15.00 22.00 22.00 8.00 16.00 674.00 11.00 
12.00 16.00 19.00 27.00 11.00 9.00 917.00 4.00 7.00 9.00 16.00 21.00 8.00 18.00 908.00 21.00 16.00 24.00 18.00 16.00 898.00 9.00 9.00 17.00 16.00 12.00 11.00 3.00 10.00 914.00 10.00 10.00 15.00 23.00 15.00 10.00 17.00 889.00 14.00 10.00 13.00 8.00 11.00 1.00 1.00 15.00 15.00 7.00 7.00 6.00 901.00 10.00 13.00 28.00 19.00 15.00 14.00 908.00 9.00 5.00 15.00 22.00 18.00 13.00 21.00 26.00 920.00 15.00 19.00 901.00 16.00 17.00 22.00 20.00 18.00 7.00 11.00 900.00 4.00 
17.00 14.00 21.00 18.00 17.00 7.00 908.00 13.00 10.00 13.00 12.00 21.00 9.00 7.00 880.00 20.00 22.00 29.00 28.00 25.00 363.00 549.00 17.00 14.00 21.00 13.00 18.00 672.00 8.00 241.00 6.00 11.00 20.00 14.00 10.00 13.00 8.00 894.00 11.00 11.00 8.00 7.00 14.00 2.00 3.00 9.00 5.00 9.00 12.00 7.00 903.00 8.00 13.00 21.00 16.00 21.00 5.00 163.00 752.00 11.00 16.00 21.00 18.00 18.00 273.00 13.00 652.00 16.00 15.00 461.00 15.00 13.00 21.00 22.00 484.00 7.00 17.00 911.00 13.00 
22.00 17.00 14.00 22.00 8.00 8.00 921.00 8.00 5.00 16.00 20.00 17.00 9.00 8.00 888.00 11.00 25.00 16.00 27.00 22.00 11.00 905.00 15.00 16.00 19.00 22.00 15.00 904.00 19.00 6.00 13.00 11.00 10.00 10.00 11.00 10.00 14.00 903.00 9.00 12.00 5.00 8.00 14.00 0.00 1.00 10.00 10.00 11.00 17.00 15.00 893.00 11.00 5.00 14.00 19.00 23.00 8.00 15.00 905.00 25.00 15.00 18.00 17.00 14.00 910.00 15.00 9.00 7.00 7.00 23.00 11.00 7.00 17.00 22.00 910.00 13.00 23.00 914.00 20.00 
17.00 20.00 21.00 14.00 10.00 10.00 898.00 14.00 12.00 19.00 19.00 18.00 10.00 12.00 902.00 11.00 16.00 16.00 23.00 25.00 8.00 886.00 22.00 22.00 23.00 23.00 16.00 896.00 9.00 11.00 10.00 16.00 19.00 4.00 14.00 16.00 12.00 896.00 13.00 9.00 6.00 12.00 6.00 1.00 1.00 12.00 9.00 12.00 12.00 6.00 904.00 8.00 16.00 18.00 14.00 20.00 13.00 6.00 904.00 15.00 13.00 24.00 20.00 14.00 913.00 17.00 17.00 18.00 16.00 16.00 2.00 718.00 17.00 29.00 199.00 23.00 21.00 904.00 12.00 
12.00 18.00 24.00 20.00 10.00 16.00 876.00 11.00 12.00 23.00 23.00 17.00 13.00 7.00 907.00 12.00 21.00 15.00 13.00 17.00 10.00 910.00 23.00 26.00 10.00 15.00 12.00 908.00 15.00 7.00 11.00 9.00 28.00 6.00 14.00 5.00 8.00 906.00 7.00 5.00 8.00 11.00 13.00 2.00 0.00 7.00 7.00 7.00 10.00 11.00 953.00 22.00 13.00 28.00 24.00 21.00 8.00 361.00 557.00 12.00 18.00 19.00 17.00 17.00 909.00 13.00 20.00 15.00 17.00 16.00 13.00 842.00 19.00 16.00 14.00 17.00 18.00 913.00 10.00 
13.00 17.00 21.00 16.00 19.00 14.00 910.00 10.00 8.00 18.00 20.00 23.00 13.00 16.00 888.00 9.00 22.00 26.00 20.00 23.00 13.00 895.00 18.00 23.00 15.00 31.00 30.00 905.00 7.00 11.00 13.00 7.00 18.00 13.00 13.00 13.00 6.00 889.00 14.00 20.00 13.00 10.00 15.00 4.00 5.00 10.00 12.00 7.00 16.00 15.00 896.00 25.00 15.00 18.00 18.00 20.00 13.00 914.00 19.00 22.00 14.00 26.00 12.00 777.00 133.00 9.00 10.00 27.00 21.00 14.00 11.00 798.00 20.00 19.00 18.00 23.00 25.00 906.00 10.00 
9.00 21.00 19.00 15.00 12.00 11.00 903.00 16.00 10.00 15.00 20.00 23.00 8.00 5.00 907.00 12.00 11.00 23.00 22.00 18.00 401.00 505.00 16.00 16.00 22.00 16.00 15.00 382.00 6.00 532.00 15.00 14.00 24.00 14.00 19.00 12.00 16.00 893.00 11.00 12.00 8.00 5.00 9.00 0.00 1.00 9.00 7.00 15.00 10.00 12.00 900.00 5.00 16.00 12.00 18.00 23.00 9.00 314.00 624.00 13.00 21.00 20.00 20.00 892.00 6.00 16.00 25.00 17.00 19.00 6.00 11.00 901.00 20.00 25.00 23.00 18.00 21.00 896.00 12.00 
11.00 19.00 21.00 20.00 10.00 9.00 909.00 12.00 16.00 13.00 23.00 22.00 508.00 7.00 406.00 12.00 20.00 16.00 11.00 17.00 908.00 12.00 10.00 7.00 22.00 21.00 10.00 7.00 9.00 909.00 8.00 9.00 20.00 20.00 14.00 11.00 12.00 907.00 10.00 9.00 8.00 10.00 7.00 1.00 1.00 13.00 10.00 11.00 15.00 11.00 885.00 15.00 10.00 14.00 20.00 18.00 15.00 13.00 909.00 14.00 15.00 24.00 17.00 916.00 12.00 10.00 21.00 23.00 19.00 9.00 8.00 895.00 20.00 25.00 25.00 23.00 18.00 896.00 7.00 
8.00 16.00 23.00 20.00 7.00 9.00 919.00 21.00 22.00 22.00 28.00 12.00 888.00 8.00 11.00 22.00 19.00 20.00 8.00 13.00 909.00 8.00 12.00 12.00 20.00 22.00 14.00 12.00 13.00 884.00 3.00 14.00 22.00 21.00 20.00 14.00 8.00 907.00 8.00 8.00 6.00 13.00 6.00 0.00 2.00 10.00 11.00 10.00 12.00 15.00 890.00 8.00 9.00 16.00 12.00 25.00 14.00 10.00 66.00 23.00 1192.00 18.00 21.00 550.00 33.00 21.00 16.00 8.00 9.00 16.00 12.00 913.00 13.00 16.00 23.00 15.00 27.00 899.00 13.00 
15.00 16.00 14.00 22.00 11.00 9.00 925.00 25.00 16.00 24.00 20.00 26.00 888.00 17.00 8.00 25.00 17.00 20.00 16.00 6.00 897.00 16.00 9.00 12.00 19.00 22.00 10.00 13.00 136.00 776.00 12.00 9.00 19.00 24.00 21.00 10.00 9.00 922.00 10.00 7.00 8.00 8.00 10.00 3.00 4.00 9.00 7.00 12.00 9.00 10.00 915.00 8.00 13.00 12.00 16.00 15.00 10.00 12.00 215.00 30.00 712.00 24.00 21.00 808.00 20.00 13.00 21.00 25.00 17.00 9.00 20.00 897.00 16.00 22.00 22.00 26.00 17.00 902.00 9.00 
13.00 19.00 18.00 19.00 7.00 10.00 919.00 10.00 15.00 28.00 23.00 17.00 885.00 11.00 21.00 13.00 22.00 16.00 13.00 6.00 919.00 9.00 8.00 15.00 17.00 15.00 13.00 9.00 912.00 11.00 12.00 6.00 22.00 15.00 11.00 14.00 9.00 905.00 8.00 8.00 6.00 11.00 6.00 0.00 0.00 5.00 14.00 7.00 12.00 7.00 912.00 12.00 9.00 11.00 19.00 23.00 15.00 13.00 899.00 15.00 21.00 25.00 20.00 904.00 9.00 15.00 17.00 18.00 22.00 11.00 8.00 910.00 10.00 22.00 15.00 24.00 14.00 904.00 12.00 
9.00 15.00 21.00 21.00 13.00 14.00 897.00 28.00 19.00 17.00 20.00 20.00 890.00 12.00 11.00 26.00 17.00 16.00 17.00 14.00 900.00 7.00 11.00 18.00 20.00 13.00 11.00 5.00 901.00 9.00 11.00 12.00 17.00 24.00 14.00 13.00 11.00 898.00 9.00 13.00 7.00 9.00 11.00 0.00 0.00 9.00 9.00 9.00 8.00 6.00 907.00 8.00 11.00 17.00 19.00 23.00 11.00 465.00 461.00 20.00 24.00 19.00 21.00 909.00 7.00 10.00 17.00 19.00 16.00 10.00 11.00 908.00 17.00 18.00 19.00 19.00 22.00 903.00 7.00 
12.00 18.00 21.00 9.00 9.00 7.00 910.00 15.00 34.00 20.00 13.00 27.00 885.00 9.00 13.00 13.00 24.00 27.00 11.00 11.00 905.00 4.00 10.00 12.00 23.00 16.00 5.00 11.00 917.00 12.00 10.00 6.00 16.00 20.00 2.00 8.00 10.00 914.00 10.00 10.00 5.00 9.00 9.00 1.00 0.00 9.00 7.00 5.00 15.00 8.00 904.00 14.00 19.00 19.00 19.00 22.00 5.00 901.00 16.00 21.00 18.00 20.00 25.00 900.00 13.00 11.00 30.00 20.00 20.00 14.00 3.00 908.00 24.00 19.00 12.00 10.00 18.00 905.00 13.00 
19.00 24.00 20.00 13.00 15.00 4.00 902.00 19.00 26.00 15.00 25.00 24.00 903.00 11.00 15.00 13.00 15.00 12.00 8.00 10.00 900.00 12.00 14.00 25.00 14.00 24.00 5.00 9.00 914.00 6.00 11.00 5.00 17.00 16.00 12.00 10.00 7.00 899.00 7.00 3.00 15.00 17.00 11.00 1.00 0.00 7.00 12.00 11.00 6.00 9.00 914.00 6.00 14.00 14.00 27.00 21.00 12.00 896.00 22.00 16.00 21.00 22.00 21.00 892.00 9.00 7.00 23.00 21.00 26.00 10.00 17.00 901.00 16.00 15.00 23.00 16.00 25.00 892.00 9.00 
7.00 17.00 18.00 17.00 13.00 12.00 900.00 21.00 25.00 23.00 15.00 20.00 907.00 11.00 11.00 23.00 18.00 16.00 12.00 10.00 893.00 10.00 8.00 28.00 23.00 23.00 7.00 9.00 899.00 11.00 6.00 11.00 20.00 19.00 7.00 15.00 9.00 899.00 8.00 9.00 6.00 12.00 11.00 0.00 1.00 11.00 10.00 6.00 5.00 12.00 904.00 12.00 18.00 25.00 21.00 18.00 12.00 898.00 21.00 23.00 15.00 17.00 24.00 914.00 8.00 7.00 12.00 21.00 18.00 7.00 8.00 910.00 15.00 22.00 18.00 17.00 11.00 911.00 9.00 
8.00 22.00 18.00 20.00 12.00 7.00 900.00 14.00 20.00 21.00 23.00 25.00 892.00 11.00 12.00 13.00 18.00 16.00 11.00 12.00 151.00 763.00 11.00 14.00 16.00 11.00 17.00 12.00 923.00 10.00 3.00 9.00 15.00 26.00 5.00 18.00 7.00 897.00 10.00 11.00 6.00 12.00 7.00 2.00 0.00 10.00 10.00 5.00 7.00 13.00 912.00 6.00 27.00 14.00 19.00 17.00 10.00 905.00 23.00 21.00 18.00 14.00 20.00 908.00 8.00 9.00 20.00 22.00 22.00 8.00 9.00 908.00 13.00 8.00 23.00 23.00 13.00 915.00 9.00 
470.00 18.00 18.00 18.00 21.00 19.00 898.00 20.00 15.00 15.00 24.00 15.00 912.00 11.00 8.00 11.00 17.00 12.00 8.00 9.00 16.00 903.00 5.00 26.00 16.00 12.00 28.00 10.00 660.00 6.00 10.00 236.00 21.00 12.00 12.00 6.00 14.00 918.00 14.00 15.00 14.00 9.00 7.00 1.00 1.00 7.00 12.00 11.00 10.00 14.00 899.00 13.00 19.00 16.00 19.00 12.00 318.00 586.00 21.00 23.00 23.00 18.00 18.00 909.00 12.00 15.00 18.00 19.00 20.00 7.00 5.00 910.00 16.00 8.00 14.00 19.00 21.00 439.00 18.00 
906.00 18.00 25.00 28.00 14.00 14.00 903.00 18.00 13.00 20.00 18.00 27.00 689.00 225.00 14.00 10.00 22.00 16.00 13.00 16.00 8.00 894.00 13.00 12.00 9.00 9.00 14.00 6.00 13.00 16.00 7.00 916.00 16.00 16.00 22.00 13.00 15.00 909.00 9.00 9.00 8.00 11.00 7.00 0.00 1.00 10.00 10.00 12.00 10.00 11.00 908.00 20.00 19.00 10.00 21.00 22.00 895.00 17.00 19.00 20.00 15.00 11.00 8.00 914.00 11.00 8.00 21.00 20.00 25.00 7.00 9.00 904.00 10.00 9.00 16.00 15.00 19.00 4.00 8.00 
182.00 23.00 15.00 26.00 11.00 11.00 901.00 9.00 16.00 23.00 16.00 23.00 9.00 914.00 6.00 12.00 22.00 15.00 11.00 9.00 10.00 891.00 11.00 13.00 10.00 14.00 18.00 9.00 10.00 11.00 14.00 883.00 17.00 19.00 32.00 15.00 21.00 910.00 12.00 14.00 11.00 5.00 9.00 1.00 1.00 7.00 11.00 10.00 5.00 10.00 898.00 24.00 24.00 24.00 15.00 23.00 900.00 9.00 17.00 29.00 17.00 21.00 10.00 902.00 5.00 4.00 19.00 20.00 19.00 10.00 11.00 911.00 24.00 12.00 15.00 20.00 14.00 735.00 10.00 
5.00 25.00 22.00 16.00 10.00 12.00 906.00 7.00 17.00 19.00 8.00 18.00 468.00 447.00 11.00 12.00 21.00 24.00 6.00 10.00 15.00 895.00 6.00 16.00 15.00 11.00 23.00 3.00 13.00 12.00 10.00 903.00 15.00 16.00 18.00 21.00 24.00 892.00 14.00 9.00 9.00 13.00 14.00 1.00 0.00 8.00 7.00 8.00 11.00 8.00 923.00 17.00 17.00 17.00 14.00 13.00 896.00 9.00 23.00 20.00 26.00 21.00 9.00 908.00 17.00 10.00 13.00 16.00 17.00 12.00 10.00 894.00 25.00 23.00 16.00 18.00 28.00 904.00 10.00 
14.00 24.00 20.00 19.00 11.00 9.00 898.00 23.00 16.00 26.00 26.00 27.00 898.00 8.00 11.00 9.00 17.00 13.00 12.00 10.00 10.00 898.00 8.00 11.00 13.00 11.00 24.00 11.00 14.00 17.00 7.00 885.00 17.00 21.00 20.00 22.00 17.00 897.00 12.00 6.00 13.00 15.00 11.00 3.00 1.00 8.00 17.00 11.00 7.00 6.00 902.00 14.00 23.00 24.00 21.00 26.00 890.00 14.00 16.00 8.00 28.00 24.00 10.00 887.00 13.00 15.00 21.00 26.00 26.00 8.00 13.00 890.00 19.00 29.00 11.00 21.00 15.00 890.00 12.00 
9.00 18.00 19.00 18.00 11.00 11.00 917.00 22.00 16.00 22.00 16.00 11.00 908.00 9.00 12.00 9.00 18.00 21.00 8.00 13.00 17.00 898.00 12.00 11.00 7.00 4.00 9.00 8.00 16.00 8.00 10.00 913.00 14.00 19.00 22.00 15.00 19.00 903.00 11.00 12.00 6.00 8.00 9.00 0.00 1.00 14.00 4.00 6.00 17.00 9.00 922.00 24.00 19.00 15.00 25.00 12.00 895.00 8.00 20.00 19.00 21.00 16.00 7.00 906.00 11.00 6.00 12.00 16.00 18.00 11.00 11.00 918.00 26.00 17.00 10.00 14.00 17.00 903.00 11.00 
9.00 20.00 18.00 17.00 5.00 7.00 908.00 22.00 16.00 27.00 25.00 17.00 907.00 7.00 10.00 9.00 19.00 14.00 7.00 14.00 13.00 898.00 10.00 8.00 13.00 10.00 20.00 10.00 7.00 10.00 20.00 895.00 20.00 24.00 32.00 13.00 19.00 894.00 13.00 5.00 10.00 9.00 8.00 0.00 2.00 12.00 6.00 12.00 8.00 8.00 896.00 20.00 17.00 20.00 17.00 26.00 905.00 11.00 23.00 19.00 24.00 19.00 11.00 904.00 8.00 11.00 25.00 11.00 21.00 11.00 4.00 913.00 19.00 17.00 16.00 24.00 13.00 897.00 11.00 
10.00 20.00 23.00 19.00 11.00 411.00 497.00 28.00 21.00 26.00 12.00 17.00 884.00 16.00 13.00 21.00 21.00 234.00 10.00 12.00 8.00 679.00 9.00 6.00 15.00 8.00 25.00 12.00 12.00 8.00 13.00 903.00 19.00 19.00 15.00 21.00 14.00 890.00 13.00 8.00 12.00 17.00 7.00 0.00 2.00 10.00 11.00 7.00 10.00 13.00 895.00 16.00 24.00 20.00 27.00 17.00 893.00 8.00 20.00 19.00 18.00 17.00 9.00 914.00 10.00 12.00 14.00 21.00 20.00 10.00 7.00 911.00 16.00 19.00 22.00 12.00 18.00 906.00 13.00 
26.00 18.00 16.00 17.00 9.00 910.00 6.00 15.00 17.00 28.00 24.00 6.00 587.00 324.00 17.00 23.00 23.00 908.00 12.00 7.00 10.00 14.00 19.00 1.00 1.00 0.00 10.00 8.00 18.00 10.00 11.00 908.00 27.00 19.00 18.00 10.00 14.00 905.00 10.00 8.00 8.00 9.00 8.00 1.00 0.00 11.00 14.00 10.00 7.00 13.00 898.00 17.00 24.00 18.00 22.00 20.00 894.00 14.00 22.00 23.00 12.00 18.00 12.00 900.00 7.00 12.00 15.00 22.00 22.00 14.00 6.00 906.00 26.00 19.00 15.00 22.00 21.00 898.00 6.00 
16.00 22.00 18.00 17.00 9.00 904.00 10.00 12.00 10.00 18.00 16.00 12.00 18.00 913.00 9.00 15.00 20.00 441.00 22.00 9.00 17.00 468.00 14.00 8.00 6.00 4.00 16.00 12.00 16.00 12.00 9.00 885.00 12.00 14.00 19.00 17.00 14.00 490.00 8.00 438.00 7.00 10.00 10.00 7.00 7.00 6.00 8.00 10.00 9.00 5.00 911.00 16.00 27.00 23.00 19.00 17.00 902.00 12.00 20.00 17.00 23.00 18.00 10.00 897.00 14.00 11.00 19.00 17.00 19.00 10.00 10.00 907.00 14.00 18.00 17.00 28.00 21.00 903.00 11.00 
23.00 28.00 21.00 18.00 7.00 898.00 12.00 12.00 15.00 22.00 20.00 8.00 5.00 917.00 10.00 8.00 19.00 17.00 26.00 14.00 12.00 884.00 15.00 8.00 9.00 9.00 22.00 9.00 11.00 10.00 10.00 896.00 12.00 12.00 18.00 18.00 23.00 6.00 7.00 897.00 12.00 17.00 12.00 7.00 14.00 9.00 15.00 10.00 7.00 13.00 907.00 24.00 15.00 13.00 19.00 24.00 900.00 14.00 21.00 20.00 14.00 16.00 5.00 919.00 10.00 6.00 17.00 13.00 20.00 10.00 11.00 899.00 25.00 15.00 27.00 17.00 23.00 881.00 11.00 
18.00 20.00 19.00 20.00 8.00 897.00 11.00 12.00 17.00 14.00 26.00 8.00 7.00 896.00 14.00 18.00 25.00 20.00 25.00 9.00 5.00 903.00 7.00 12.00 7.00 9.00 18.00 8.00 1.00 10.00 13.00 908.00 13.00 9.00 18.00 33.00 17.00 7.00 11.00 899.00 5.00 11.00 13.00 9.00 8.00 9.00 11.00 9.00 11.00 7.00 903.00 19.00 28.00 20.00 15.00 22.00 897.00 8.00 29.00 17.00 16.00 19.00 8.00 898.00 11.00 11.00 23.00 19.00 26.00 8.00 10.00 895.00 21.00 16.00 16.00 20.00 23.00 909.00 8.00 
26.00 19.00 34.00 16.00 15.00 888.00 10.00 10.00 11.00 14.00 10.00 7.00 12.00 86.00 8.00 835.00 18.00 12.00 15.00 18.00 15.00 908.00 14.00 9.00 17.00 10.00 24.00 6.00 9.00 7.00 6.00 908.00 10.00 8.00 22.00 21.00 18.00 13.00 12.00 903.00 8.00 15.00 8.00 8.00 5.00 8.00 10.00 7.00 12.00 13.00 907.00 19.00 14.00 19.00 17.00 17.00 901.00 11.00 26.00 20.00 19.00 19.00 10.00 896.00 8.00 12.00 18.00 28.00 21.00 12.00 9.00 906.00 22.00 22.00 22.00 8.00 20.00 890.00 9.00 
22.00 25.00 17.00 16.00 4.00 905.00 9.00 11.00 7.00 11.00 12.00 8.00 8.00 9.00 10.00 907.00 24.00 26.00 20.00 21.00 9.00 894.00 12.00 14.00 13.00 13.00 17.00 12.00 7.00 9.00 11.00 901.00 11.00 14.00 14.00 20.00 21.00 15.00 13.00 909.00 8.00 11.00 4.00 4.00 11.00 14.00 5.00 7.00 11.00 10.00 900.00 23.00 24.00 13.00 17.00 19.00 908.00 10.00 17.00 19.00 17.00 21.00 10.00 658.00 16.00 243.00 27.00 17.00 22.00 11.00 18.00 897.00 20.00 20.00 17.00 18.00 21.00 899.00 12.00 
23.00 21.00 19.00 12.00 516.00 391.00 8.00 17.00 7.00 11.00 11.00 10.00 7.00 12.00 10.00 907.00 14.00 17.00 21.00 25.00 19.00 899.00 16.00 8.00 11.00 7.00 18.00 14.00 16.00 14.00 11.00 890.00 9.00 14.00 10.00 25.00 15.00 9.00 289.00 629.00 13.00 5.00 10.00 10.00 6.00 9.00 11.00 4.00 9.00 4.00 928.00 20.00 14.00 13.00 16.00 16.00 906.00 13.00 8.00 9.00 17.00 20.00 9.00 9.00 13.00 901.00 12.00 13.00 23.00 19.00 25.00 837.00 31.00 22.00 91.00 13.00 15.00 902.00 22.00 
