#scheme channel agents used ch hmax avg Ci_value 1 2 3 4 5 6 7 8 9 10
M0 20 10 20 hmax2 0.4367581 0.026806009 0.397178 0.429556 0.451108 0.404859 0.490772 0.46307 0.389565 0.403138 0.48824 0.450095
M1 20 10 20 hmax2 0.1129177 0.009000452 0.100223 0.111006 0.126466 0.094837 0.132851 0.119015 0.10616 0.100301 0.123169 0.115149
M2 20 10 20 hmax2 0.4368217 0.026679356 0.397306 0.429754 0.450987 0.40516 0.490853 0.462283 0.390172 0.403585 0.488767 0.44935
M3 20 10 20 hmax2 0.1136456 0.008735878 0.098654 0.120346 0.106094 0.100299 0.116332 0.137177 0.109772 0.103981 0.125884 0.117917
M4 20 10 20 hmax2 0.0839875 0.014833621 0.055443 0.083943 0.094284 0.060833 0.0944 0.104337 0.058151 0.074292 0.112611 0.101581
M0 30 10 30 hmax2 0.3169942 0.021652439 0.280294 0.30679 0.326904 0.294958 0.355813 0.343095 0.282658 0.290612 0.362357 0.326461
M1 30 10 30 hmax2 0.0765764 0.007137628 0.060756 0.077648 0.079912 0.074719 0.092242 0.083516 0.065682 0.065557 0.085797 0.079935
M2 30 10 20 hmax2 0.3026425 0.022008506 0.266834 0.297701 0.312007 0.277039 0.347772 0.322956 0.265502 0.276528 0.345153 0.314933
M3 30 10 20 hmax2 0.0778597 0.007029169 0.071992 0.077269 0.082382 0.064311 0.092963 0.09015 0.066394 0.069062 0.080133 0.083941
M4 30 10 30 hmax2 0.0252144 0.005139623 0.017814 0.026992 0.028422 0.020999 0.027473 0.041483 0.016638 0.01986 0.027737 0.024726
M0 40 10 40 hmax2 0.2484059 0.016154951 0.222626 0.247206 0.260692 0.236557 0.276846 0.272712 0.216556 0.225889 0.275036 0.249939
M1 40 10 40 hmax2 0.0583428 0.003369543 0.053686 0.054537 0.063435 0.057631 0.063055 0.059302 0.059276 0.053106 0.066102 0.053298
M2 40 10 20 hmax2 0.2237879 0.018035456 0.194484 0.221638 0.230107 0.203471 0.261655 0.240518 0.194979 0.199049 0.257459 0.234519
M3 40 10 20 hmax2 0.0603586 0.003039414 0.052178 0.065947 0.058089 0.058392 0.062111 0.062895 0.058254 0.059233 0.059819 0.066668
M4 40 10 40 hmax2 0.0081629 0.001920485 0.009695 0.008835 0.00583 0.008615 0.006171 0.006322 0.006272 0.014444 0.006042 0.009403
M0 50 10 50 hmax2 0.2036205 0.015436409 0.180216 0.201801 0.223877 0.178777 0.228158 0.222862 0.178203 0.183277 0.22562 0.213414
M1 50 10 50 hmax2 0.0477319 0.005358413 0.038472 0.048328 0.04517 0.038604 0.055414 0.058871 0.037984 0.049151 0.053009 0.052316
M2 50 10 20 hmax2 0.1747364 0.015248075 0.149619 0.169667 0.178495 0.156183 0.20694 0.189722 0.151216 0.157068 0.203906 0.184548
M3 50 10 20 hmax2 0.0445594 0.003321197 0.035965 0.049939 0.04276 0.041672 0.047795 0.04425 0.042572 0.041195 0.0502 0.049246
M4 50 10 50 hmax2 0.0052423 0.001640067 0.005307 0.009137 0.008924 0.005719 0.002827 0.00328 0.005906 0.003031 0.004829 0.003463
M0 60 10 60 hmax2 0.173362 0.014991078 0.151356 0.174245 0.188615 0.1548 0.19403 0.198613 0.147716 0.149115 0.196954 0.178176
M1 60 10 60 hmax2 0.0398516 0.004675363 0.029366 0.035895 0.039293 0.046951 0.047603 0.049261 0.035594 0.036098 0.042868 0.035587
M2 60 10 20 hmax2 0.1388178 0.013401991 0.117043 0.137171 0.144376 0.121967 0.165128 0.152032 0.115721 0.122591 0.163423 0.148726
M3 60 10 20 hmax2 0.0380603 0.005033481 0.031714 0.041203 0.038865 0.030358 0.039599 0.053508 0.035543 0.029241 0.039817 0.040755
M4 60 10 60 hmax2 0.004051 0.001308644 0.003293 0.002954 0.007069 0.002958 0.003187 0.001171 0.005783 0.006476 0.003814 0.003805
M0 70 10 70 hmax2 0.150519 0.014271474 0.131854 0.155608 0.165582 0.130003 0.168243 0.176879 0.127642 0.12564 0.170559 0.15318
M1 70 10 70 hmax2 0.0325498 0.001705858 0.031758 0.030644 0.033732 0.030434 0.031099 0.03523 0.030281 0.033119 0.03759 0.031611
M2 70 10 20 hmax2 0.1144008 0.01176234 0.095197 0.110043 0.11747 0.098703 0.139367 0.124916 0.095444 0.10343 0.137024 0.122414
M3 70 10 20 hmax2 0.0338772 0.002706149 0.034962 0.030324 0.032597 0.034921 0.037221 0.038214 0.029634 0.028428 0.03966 0.032811
M4 70 10 70 hmax2 0.0069018 0.003337011 0.012133 0.01031 0.001149 0.004712 0.002144 0.005811 0.011316 0.014059 0.002308 0.005076
M0 79 10 79 hmax2 0.1347663 0.014075748 0.11891 0.142512 0.151092 0.114298 0.149849 0.162163 0.111624 0.109169 0.152607 0.135439
M1 79 10 79 hmax2 0.0314208 0.002039461 0.027937 0.029531 0.027611 0.030232 0.034084 0.031963 0.029383 0.034482 0.033561 0.035424
M2 79 10 20 hmax2 0.0966697 0.010333097 0.079372 0.094748 0.100002 0.087618 0.120092 0.105528 0.080813 0.080876 0.114232 0.103416
M3 79 10 20 hmax2 0.0307966 0.003238494 0.023921 0.036392 0.025866 0.028249 0.029566 0.028926 0.031065 0.037503 0.035796 0.030682
M4 79 10 79 hmax2 0.0097449 0.002903358 0.010601 0.009827 0.005308 0.006643 0.003824 0.008308 0.013744 0.015228 0.008447 0.015519
