#mode	C	N_a	P_col	
M1 79 10 20 0.149751 0.147612 hmax2
M1 79 10 21 0.155030 0.153433 hmax2
M1 79 10 22 0.158322 0.156480 hmax2
M1 79 10 23 0.159337 0.157483 hmax2
M1 79 10 24 0.160079 0.158434 hmax2
M1 79 10 25 0.165471 0.164776 hmax2
M1 79 10 26 0.167014 0.165227 hmax2
M1 79 10 27 0.168230 0.167171 hmax2
M1 79 10 28 0.170259 0.169627 hmax2
M1 79 10 29 0.172555 0.171402 hmax2
M1 79 10 30 0.172738 0.171746 hmax2
M1 79 10 31 0.175453 0.173600 hmax2
M1 79 10 32 0.174436 0.173358 hmax2
M1 79 10 33 0.175489 0.174200 hmax2
M1 79 10 34 0.177987 0.176468 hmax2
M1 79 10 35 0.179708 0.179213 hmax2
M1 79 10 36 0.179861 0.179343 hmax2
M1 79 10 37 0.181301 0.181478 hmax2
M1 79 10 38 0.181654 0.180854 hmax2
M1 79 10 39 0.182396 0.181793 hmax2
M1 79 10 40 0.182901 0.182988 hmax2
M1 79 10 41 0.183451 0.183195 hmax2
M1 79 10 42 0.184137 0.183758 hmax2
M1 79 10 43 0.184164 0.183737 hmax2
M1 79 10 44 0.183935 0.183634 hmax2
M1 79 10 45 0.186166 0.186307 hmax2
M1 79 10 46 0.186847 0.186107 hmax2
M1 79 10 47 0.186101 0.186164 hmax2
M1 79 10 48 0.187446 0.187326 hmax2
M1 79 10 49 0.187984 0.187366 hmax2
M1 79 10 50 0.188235 0.188230 hmax2
M1 79 10 51 0.188569 0.189068 hmax2
M1 79 10 52 0.189438 0.188853 hmax2
M1 79 10 53 0.189603 0.189148 hmax2
M1 79 10 54 0.190215 0.190067 hmax2
M1 79 10 55 0.190064 0.190307 hmax2
M1 79 10 56 0.191106 0.191321 hmax2
M1 79 10 57 0.190419 0.190194 hmax2
M1 79 10 58 0.192413 0.192566 hmax2
M1 79 10 59 0.191131 0.190708 hmax2
M1 79 10 60 0.191990 0.192255 hmax2
M1 79 10 61 0.192352 0.192203 hmax2
M1 79 10 62 0.192947 0.193427 hmax2
M1 79 10 63 0.192668 0.193097 hmax2
M1 79 10 64 0.192886 0.193269 hmax2
M1 79 10 65 0.193483 0.193880 hmax2
M1 79 10 66 0.193815 0.194323 hmax2
M1 79 10 67 0.193549 0.193538 hmax2
M1 79 10 68 0.193974 0.194216 hmax2
M1 79 10 69 0.194384 0.194892 hmax2
M1 79 10 70 0.194232 0.194855 hmax2
M1 79 10 71 0.194469 0.194932 hmax2
M1 79 10 72 0.195104 0.195824 hmax2
M1 79 10 73 0.194823 0.195301 hmax2
M1 79 10 74 0.194936 0.195475 hmax2
M1 79 10 75 0.195015 0.195518 hmax2
M1 79 10 76 0.195165 0.195882 hmax2
M1 79 10 77 0.195238 0.195803 hmax2
M1 79 10 78 0.195202 0.195829 hmax2
M1 79 10 79 0.195205 0.195912 hmax2
