#scheme channel agents used ch hmax avg Ci_value 1 2 3 4 5 6 7 8 9 10
M0 20 2 20 hmax2 0.1084383 0.009466591 0.129878 0.099582 0.094837 0.112571 0.101689 0.105296 0.095607 0.107107 0.104857 0.132959
M1 20 2 20 hmax2 0.0146052 0.002474476 0.014474 0.012765 0.013189 0.01624 0.01273 0.012526 0.013311 0.013291 0.013577 0.023949
M2 20 2 20 hmax2 0.1084383 0.009466591 0.129878 0.099582 0.094837 0.112571 0.101689 0.105296 0.095607 0.107107 0.104857 0.132959
M3 20 2 20 hmax2 0.014151 0.001514349 0.017551 0.013219 0.012929 0.015566 0.012776 0.018036 0.01226 0.01277 0.012939 0.013464
M4 20 2 20 hmax2 0.0004602 0.000298709 0.000673 0.00101 0.000306 0 0.000092 0.001189 0.000745 0.000332 0.000112 0.000143
M0 79 2 79 hmax2 0.0177684 0.011074276 0.002102 0 0.004684 0.029612 0.03548 0.027592 0.004163 0.038796 0.00652 0.028735
M1 79 2 79 hmax2 0.0792979 0.018801004 0.120929 0.096347 0.091316 0.053755 0.054398 0.07851 0.093862 0.051056 0.105974 0.046832
M2 79 2 20 hmax2 0.0048546 0.00353482 0.00323 0.002908 0.001954 0.006051 0.007464 0.001087 0.002378 0.003301 0.002367 0.017806
M3 79 2 20 hmax2 0.0964475 0.029821433 0.175143 0.129607 0.126112 0.062485 0.071893 0.084408 0.092327 0.040301 0.125306 0.056893
M4 79 2 79 hmax2 0.0345001 0.002985687 0.037173 0.031571 0.036745 0.033429 0.032699 0.036791 0.026883 0.037847 0.030781 0.041082
       0 0 0 0 0 0 0 0 0 0
M0 20 3 20 hmax2 0.1857589 0.007634208 0.207711 0.171663 0.18881 0.180769 0.180813 0.182935 0.177259 0.18318 0.184633 0.199816
M1 20 3 20 hmax2 0.0277971 0.001817746 0.027779 0.032711 0.026697 0.028973 0.030558 0.029136 0.025582 0.025143 0.024929 0.026463
M2 20 3 20 hmax2 0.1857589 0.007634208 0.207711 0.171663 0.18881 0.180769 0.180813 0.182935 0.177259 0.18318 0.184633 0.199816
M3 20 3 20 hmax2 0.028802 0.002166494 0.028629 0.026391 0.033167 0.026211 0.026224 0.034813 0.027939 0.030068 0.026503 0.028075
M4 20 3 20 hmax2 0.0013406 0.000611214 0.00066 0.001014 0.00281 0.001102 0.002412 0.000109 0.001007 0.001874 0.000622 0.001796
M0 79 3 79 hmax2 0.0499722 0.013176013 0.037745 0.02468 0.043942 0.042194 0.051473 0.069827 0.031959 0.078895 0.044874 0.074133
M1 79 3 79 hmax2 0.0240229 0.010579328 0.061116 0.023395 0.024966 0.009429 0.024653 0.017976 0.023146 0.009963 0.031153 0.014432
M2 79 3 20 hmax2 0.0135083 0.001835002 0.014245 0.014153 0.007432 0.012857 0.015871 0.015429 0.012364 0.016058 0.011963 0.014711
M3 79 3 20 hmax2 0.0267418 0.011257457 0.041565 0.045663 0.021942 0.007354 0.021221 0.021908 0.019687 0.008942 0.055422 0.023714
M4 79 3 79 hmax2 0.0208626 0.011670265 0.059405 0.018939 0.012289 0.015153 0.024898 0.004003 0.020939 0.002126 0.032735 0.018139
       0 0 0 0 0 0 0 0 0 0
M0 20 4 20 hmax2 0.2590081 0.003775706 0.264827 0.251878 0.259712 0.265344 0.257385 0.259423 0.251242 0.255301 0.258995 0.265974
M1 20 4 20 hmax2 0.0434866 0.001650805 0.043643 0.045202 0.04523 0.046413 0.041885 0.04024 0.044342 0.046038 0.040985 0.040888
M2 20 4 20 hmax2 0.2590081 0.003775706 0.264827 0.251878 0.259712 0.265344 0.257385 0.259423 0.251242 0.255301 0.258995 0.265974
M3 20 4 20 hmax2 0.0415972 0.001607574 0.045288 0.045107 0.043286 0.039107 0.041194 0.040847 0.040763 0.040814 0.038824 0.040742
M4 20 4 20 hmax2 0.0045622 0.001699956 0.002523 0.007536 0.004288 0.001977 0.007043 0.003929 0.002941 0.008804 0.002719 0.003862
M0 79 4 79 hmax2 0.0722089 0.010932345 0.050332 0.058801 0.059921 0.082564 0.095992 0.088696 0.071684 0.060492 0.085972 0.067635
M1 79 4 79 hmax2 0.0209993 0.011515087 0.061054 0.018296 0.035839 0.010334 0.010184 0.01439 0.014352 0.011059 0.022462 0.012023
M2 79 4 20 hmax2 0.0328091 0.003894032 0.026071 0.036969 0.037112 0.037059 0.029987 0.030352 0.026064 0.027714 0.035232 0.041531
M3 79 4 20 hmax2 0.0226447 0.0129801 0.070495 0.012763 0.031495 0.010163 0.015383 0.01324 0.016038 0.011105 0.026319 0.019446
M4 79 4 79 hmax2 0.0128036 0.008859481 0.043684 0.015128 0.020375 0.003495 0.004837 0.015173 0.002571 0.004015 0.010597 0.008161
       0 0 0 0 0 0 0 0 0 0
M0 20 5 20 hmax2 0.3233316 0.002946933 0.327496 0.317927 0.324673 0.328302 0.319492 0.32172 0.319657 0.31931 0.327533 0.327206
M1 20 5 20 hmax2 0.055387 0.001580087 0.054145 0.0565 0.057006 0.052082 0.054845 0.058706 0.057653 0.053529 0.056539 0.052865
M2 20 5 20 hmax2 0.3233316 0.002946933 0.327496 0.317927 0.324673 0.328302 0.319492 0.32172 0.319657 0.31931 0.327533 0.327206
M3 20 5 20 hmax2 0.05473 0.001592965 0.058139 0.051939 0.057208 0.055561 0.0528 0.054298 0.056904 0.054645 0.054141 0.051665
M4 20 5 20 hmax2 0.0088984 0.000846709 0.010439 0.008978 0.009165 0.010386 0.006973 0.008108 0.009682 0.007355 0.008396 0.009502
M0 79 5 79 hmax2 0.0942273 0.008755464 0.080369 0.093914 0.076178 0.099051 0.093439 0.089065 0.102508 0.085114 0.116006 0.106629
M1 79 5 79 hmax2 0.0180855 0.004245088 0.018853 0.016273 0.033647 0.013051 0.018731 0.020335 0.013851 0.015447 0.015471 0.015196
M2 79 5 20 hmax2 0.0549595 0.002708812 0.049635 0.055665 0.059714 0.0558 0.054808 0.049751 0.061418 0.052657 0.056235 0.053912
M3 79 5 20 hmax2 0.017233 0.002599367 0.01302 0.016557 0.018608 0.0151 0.023149 0.017786 0.022382 0.013057 0.018916 0.013755
M4 79 5 79 hmax2 0.0080758 0.004621226 0.016802 0.007849 0.010935 0.001541 0.019924 0.009129 0.001841 0.003104 0.008147 0.001486
       0 0 0 0 0 0 0 0 0 0
M0 20 6 20 hmax2 0.3820388 0.002550459 0.38448 0.377939 0.383461 0.385704 0.378536 0.383022 0.376656 0.380714 0.387713 0.382163
M1 20 6 20 hmax2 0.0678911 0.001038267 0.067925 0.067065 0.069981 0.067784 0.067981 0.066395 0.069835 0.066828 0.065753 0.069364
M2 20 6 20 hmax2 0.3820388 0.002550459 0.38448 0.377939 0.383461 0.385704 0.378536 0.383022 0.376656 0.380714 0.387713 0.382163
M3 20 6 20 hmax2 0.0681223 0.002159326 0.071395 0.069827 0.070299 0.066457 0.068124 0.065148 0.069214 0.07244 0.064787 0.063532
M4 20 6 20 hmax2 0.0215178 0.002141277 0.021891 0.025774 0.021628 0.023997 0.017145 0.018878 0.022704 0.016961 0.024316 0.021884
M0 79 6 79 hmax2 0.1178659 0.013977048 0.098196 0.118526 0.098697 0.137224 0.102355 0.122913 0.11125 0.099855 0.155282 0.134361
M1 79 6 79 hmax2 0.0199336 0.00211354 0.017636 0.020196 0.021114 0.01856 0.027003 0.016337 0.017645 0.020425 0.019376 0.021044
M2 79 6 20 hmax2 0.0774294 0.002081037 0.075085 0.078245 0.074628 0.08351 0.077694 0.079577 0.073782 0.076857 0.075605 0.079311
M3 79 6 20 hmax2 0.0214081 0.002700809 0.02341 0.02176 0.023452 0.016772 0.023481 0.017333 0.022219 0.028995 0.018781 0.017878
M4 79 6 79 hmax2 0.0067302 0.002895476 0.01383 0.005298 0.00835 0.001007 0.010213 0.00768 0.010124 0.002126 0.00324 0.005434
     0 0 0 0 0 0 0 0 0 0 0 0
M0 20 7 20 hmax2 0.4336316 0.001796302 0.433058 0.43343 0.436003 0.432605 0.430096 0.43194 0.433389 0.431662 0.435222 0.438911
M1 20 7 20 hmax2 0.0812472 0.001571737 0.081214 0.080474 0.081977 0.081124 0.077983 0.082902 0.0778 0.084984 0.081031 0.082983
M2 20 7 20 hmax2 0.4336316 0.001796302 0.433058 0.43343 0.436003 0.432605 0.430096 0.43194 0.433389 0.431662 0.435222 0.438911
M3 20 7 20 hmax2 0.0812137 0.002524217 0.088136 0.080315 0.084276 0.074969 0.08188 0.080415 0.083124 0.079606 0.078461 0.080955
M4 20 7 20 hmax2 0.044204 0.003126768 0.049866 0.048016 0.041341 0.044657 0.037966 0.041055 0.051385 0.044991 0.041332 0.041431
M0 79 7 79 hmax2 0.1397732 0.014745748 0.117813 0.143051 0.133934 0.136194 0.121153 0.130955 0.138522 0.125624 0.183662 0.166824
M1 79 7 79 hmax2 0.0235375 0.001252217 0.026519 0.02486 0.025703 0.02279 0.024402 0.021048 0.022484 0.022069 0.023096 0.022404
M2 79 7 20 hmax2 0.0986331 0.001800409 0.098436 0.09878 0.100207 0.096983 0.096338 0.096536 0.095344 0.102449 0.098539 0.102719
M3 79 7 20 hmax2 0.0232128 0.002927035 0.0278 0.020713 0.024835 0.021264 0.022496 0.019945 0.020835 0.032622 0.020915 0.020703
M4 79 7 79 hmax2 0.0044635 0.002913047 0.014563 0.006717 0.001045 0.001031 0.004794 0.004949 0.004254 0.004385 0.001203 0.001694
     0 0 0 0 0 0 0 0 0 0 0 0
M0 20 8 20 hmax2 0.4808472 0.002050542 0.480763 0.482578 0.483555 0.477652 0.477468 0.477241 0.483578 0.478399 0.483332 0.483906
M1 20 8 20 hmax2 0.0943689 0.00185383 0.094814 0.092642 0.096148 0.099746 0.09049 0.092957 0.091814 0.094624 0.095029 0.095425
M2 20 8 20 hmax2 0.4808472 0.002050542 0.480763 0.482578 0.483555 0.477652 0.477468 0.477241 0.483578 0.478399 0.483332 0.483906
M3 20 8 20 hmax2 0.0932343 0.002658405 0.089968 0.093443 0.101233 0.092879 0.089161 0.090948 0.092647 0.095179 0.090019 0.096866
M4 20 8 20 hmax2 0.0676845 0.002436937 0.066541 0.071374 0.065833 0.064978 0.069876 0.062556 0.065788 0.074181 0.068809 0.066909
M0 79 8 79 hmax2 0.1608461 0.016857642 0.139958 0.168168 0.158011 0.14956 0.150009 0.141087 0.174247 0.143288 0.218782 0.165351
M1 79 8 79 hmax2 0.0262034 0.001276168 0.02849 0.024815 0.027686 0.028426 0.023532 0.024287 0.025001 0.025893 0.027614 0.02629
M2 79 8 20 hmax2 0.1197432 0.001412713 0.117043 0.120043 0.12056 0.118482 0.119542 0.121911 0.120508 0.118704 0.123352 0.117287
M3 79 8 20 hmax2 0.0266663 0.001498116 0.02663 0.024658 0.025602 0.030492 0.0253 0.027328 0.025545 0.030226 0.024976 0.025906
M4 79 8 79 hmax2 0.0037103 0.001737869 0.004923 0.003066 0.001196 0.001379 0.004071 0.006703 0.003051 0.008505 0.001154 0.003055
    hmax2 0 0 0 0 0 0 0 0 0 0 0 0
M0 20 9 20 hmax2 0.5230754 0.002047838 0.522249 0.523605 0.525743 0.521393 0.518514 0.52276 0.526134 0.518857 0.525256 0.526243
M1 20 9 20 hmax2 0.1059301 0.001543321 0.108814 0.104003 0.10474 0.103339 0.108031 0.104523 0.107961 0.104018 0.108599 0.105273
M2 20 9 20 hmax2 0.5230754 0.002047838 0.522249 0.523605 0.525743 0.521393 0.518514 0.52276 0.526134 0.518857 0.525256 0.526243
M3 20 9 20 hmax2 0.1059357 0.001743959 0.106138 0.103825 0.106837 0.104586 0.104392 0.104823 0.111526 0.107598 0.103053 0.106579
M4 20 9 20 hmax2 0.0872575 0.002454418 0.090321 0.086799 0.08219 0.086118 0.085461 0.093339 0.083972 0.085481 0.091124 0.08777
M0 79 9 79 hmax2 0.18504 0.016531259 0.16654 0.191266 0.178082 0.175302 0.173807 0.170214 0.19565 0.160573 0.240125 0.198841
M1 79 9 79 hmax2 0.0305436 0.001790372 0.035152 0.030057 0.032239 0.033946 0.030407 0.028599 0.029578 0.027215 0.029666 0.028577
M2 79 9 20 hmax2 0.140979 0.001079479 0.139822 0.143022 0.140447 0.141561 0.141468 0.138234 0.140518 0.141817 0.143067 0.139834
M3 79 9 20 hmax2 0.0301664 0.001329725 0.032348 0.028147 0.030111 0.033137 0.02912 0.029751 0.032537 0.027947 0.029112 0.029454
M4 79 9 79 hmax2 0.0036407 0.002067157 0.007465 0.001254 0.001734 0.004176 0.001554 0.007091 0.00146 0.008307 0.00216 0.001206
     0 0 0 0 0 0 0 0 0 0 0 0
M0 20 10 20 hmax2 0.5601593 0.001457425 0.560816 0.561704 0.559745 0.559154 0.557147 0.559765 0.561255 0.556953 0.563374 0.56168
M1 20 10 20 hmax2 0.1180415 0.000637912 0.118645 0.118395 0.117352 0.117524 0.118563 0.116478 0.119247 0.119007 0.118069 0.117135
M2 20 10 20 hmax2 0.5601593 0.001457425 0.560816 0.561704 0.559745 0.559154 0.557147 0.559765 0.561255 0.556953 0.563374 0.56168
M3 20 10 20 hmax2 0.1171904 0.000806467 0.117047 0.117876 0.116755 0.117992 0.114321 0.117532 0.118315 0.117097 0.117085 0.117884
M4 20 10 20 hmax2 0.1033552 0.002956466 0.102902 0.107443 0.101735 0.095138 0.102868 0.100159 0.101762 0.108434 0.108478 0.104633
M0 79 10 79 hmax2 0.2045235 0.01803043 0.195488 0.20967 0.193806 0.194583 0.19322 0.18453 0.220643 0.18549 0.269398 0.198407
M1 79 10 79 hmax2 0.0340129 0.001203143 0.034 0.031398 0.034408 0.033848 0.035258 0.035811 0.032613 0.033352 0.032456 0.036985
M2 79 10 20 hmax2 0.1627944 0.001580025 0.161494 0.165457 0.16108 0.163284 0.162686 0.159946 0.164013 0.161167 0.167099 0.161718
M3 79 10 20 hmax2 0.034893 0.002458245 0.037007 0.033631 0.032376 0.031031 0.035076 0.040726 0.033288 0.032867 0.032384 0.040544
M4 79 10 79 hmax2 0.0031171 0.001044555 0.003247 0.00281 0.002706 0.002633 0.001367 0.006212 0.002905 0.003065 0.001383 0.004843
