#scheme channel agents used ch hmax avg Ci_value 1 2 3 4 5 6 7 8 9 10
M0 20 2 20 hmax2 0.0332571 0.024490341 0.016939 0.086383 0.002362 0.035464 0.088704 0.001612 0.051077 0.045913 0.001755 0.002362
M1 20 2 20 hmax2 0.0101357 0.004799656 0.010276 0.015301 0.002592 0.00724 0.014337 0.001949 0.016719 0.021923 0.004204 0.006816
M2 20 2 20 hmax2 0.0330615 0.024452974 0.016515 0.086112 0.002077 0.035622 0.088556 0.001806 0.050015 0.046168 0.001571 0.002173
M3 20 2 20 hmax2 0.0106699 0.004897988 0.025495 0.014638 0.002393 0.007143 0.01426 0.006515 0.008357 0.01551 0.00799 0.004398
M4 20 2 20 hmax2 0.0021694 0.001510594 0.005337 0.000281 0.002541 0.000459 0.000214 0.004515 0.000005 0.000429 0.003811 0.004102
M0 79 2 79 hmax2 0.0110282 0.010175034 0 0.015786 0.000051 0.006077 0.041592 0.000281 0.020444 0.024531 0.000597 0.000923
M1 79 2 79 hmax2 0.0969332 0.061540259 0.245551 0.110541 0.003403 0.148735 0.144832 0.019495 0.177469 0.11424 0.00125 0.003816
M2 79 2 20 hmax2 0.0015353 0.001322715 0.000827 0.002281 0.000092 0.004454 0.001934 0.000051 0.004944 0.000638 0.00001 0.000122
M3 79 2 20 hmax2 0.1019103 0.066932055 0.248878 0.151204 0.011582 0.232893 0.07299 0.022474 0.160898 0.108158 0.004449 0.005577
M4 79 2 79 hmax2 0.0411178 0.027381159 0.10774 0.035643 0.010648 0.031821 0.070306 0.01275 0.042316 0.095811 0.003413 0.00073
     0 0 0 0 0 0 0 0 0 0 0 0
M0 20 3 20 hmax2 0.0663758 0.02185696 0.122306 0.058888 0.05383 0.024422 0.103741 0.054537 0.034051 0.090299 0.05431 0.067374
M1 20 3 20 hmax2 0.0130204 0.004492435 0.018969 0.010776 0.011738 0.004643 0.024602 0.013704 0.006184 0.019534 0.009316 0.010738
M2 20 3 20 hmax2 0.0661988 0.021922461 0.122571 0.058656 0.052548 0.024609 0.104088 0.054435 0.034065 0.08968 0.054248 0.067088
M3 20 3 20 hmax2 0.0119796 0.003415125 0.018857 0.010507 0.010922 0.004942 0.017367 0.009922 0.005609 0.016595 0.014687 0.010388
M4 20 3 20 hmax2 0.0006155 0.000311591 0.00149 0.000201 0.000575 0.000235 0.000759 0.000568 0.000027 0.000861 0.001014 0.000425
M0 79 3 79 hmax2 0.0187944 0.008533661 0.03449 0.010786 0.013915 0.004187 0.035235 0.022789 0.013844 0.026099 0.025721 0.000878
M1 79 3 79 hmax2 0.0655225 0.021234666 0.034629 0.048976 0.064864 0.120486 0.03148 0.073378 0.064024 0.041861 0.066449 0.109078
M2 79 3 20 hmax2 0.0031625 0.00115527 0.006486 0.002163 0.001772 0.001956 0.002255 0.004347 0.004724 0.003568 0.001381 0.002973
M3 79 3 20 hmax2 0.0833266 0.036708562 0.048299 0.062143 0.116027 0.111395 0.033619 0.047582 0.16866 0.071126 0.020286 0.154129
M4 79 3 79 hmax2 0.0335251 0.008537448 0.035452 0.02302 0.035827 0.019748 0.059772 0.037228 0.034588 0.041925 0.026194 0.021497
     0 0 0 0 0 0 0 0 0 0 0 0
M0 20 4 20 hmax2 0.1011138 0.032109817 0.186082 0.07087 0.077153 0.086117 0.165712 0.092143 0.042413 0.068365 0.121796 0.100487
M1 20 4 20 hmax2 0.0230249 0.006902168 0.041094 0.027482 0.013691 0.027462 0.034681 0.015173 0.017079 0.012923 0.024531 0.016133
M2 20 4 20 hmax2 0.101129 0.031988119 0.18587 0.071416 0.077099 0.086301 0.165571 0.092061 0.042663 0.068472 0.121485 0.100352
M3 20 4 20 hmax2 0.0204109 0.00623403 0.036566 0.014875 0.013702 0.023306 0.033829 0.019681 0.011477 0.012538 0.021566 0.016569
M4 20 4 20 hmax2 0.0015486 0.000923087 0.004247 0.00077 0.001355 0.000497 0.001245 0.002247 0.000546 0.00323 0.000589 0.00076
M0 79 4 79 hmax2 0.031066 0.01538542 0.075709 0.014071 0.029237 0.009372 0.045051 0.028737 0.01763 0.019972 0.05623 0.014651
M1 79 4 79 hmax2 0.0781522 0.040051676 0.014625 0.146031 0.088327 0.152533 0.024885 0.104293 0.031679 0.066059 0.012901 0.140189
M2 79 4 20 hmax2 0.0063521 0.002887339 0.01564 0.003719 0.00364 0.007253 0.010526 0.004018 0.003582 0.003449 0.007546 0.004148
M3 79 4 20 hmax2 0.075623 0.040910901 0.017653 0.150418 0.08773 0.155464 0.026714 0.065276 0.068559 0.028311 0.010375 0.14573
M4 79 4 79 hmax2 0.0364571 0.020999602 0.00576 0.027138 0.064472 0.102875 0.027457 0.049329 0.023191 0.030597 0.004497 0.029255
     0 0 0 0 0 0 0 0 0 0 0 0
M0 20 5 20 hmax2 0.1089465 0.019616893 0.149524 0.103814 0.112618 0.086573 0.165735 0.09531 0.103316 0.082935 0.10042 0.08922
M1 20 5 20 hmax2 0.0248874 0.005261647 0.026945 0.026376 0.022778 0.035014 0.039394 0.020622 0.018235 0.019863 0.02329 0.016357
M2 20 5 20 hmax2 0.1090085 0.019557947 0.149329 0.10352 0.112816 0.08701 0.165773 0.095529 0.103286 0.083067 0.100537 0.089218
M3 20 5 20 hmax2 0.0269523 0.005203843 0.032935 0.023006 0.027053 0.034171 0.039635 0.023061 0.025755 0.029445 0.016978 0.017484
M4 20 5 20 hmax2 0.00218 0.000889237 0.002886 0.002292 0.000931 0.0007 0.004773 0.001567 0.002382 0.0033 0.001861 0.001108
M0 79 5 79 hmax2 0.0358462 0.012552397 0.060627 0.027235 0.046 0.01258 0.047853 0.029355 0.055163 0.018102 0.046784 0.014763
M1 79 5 79 hmax2 0.0692085 0.039847877 0.011841 0.090727 0.079918 0.149576 0.030247 0.058094 0.0059 0.156159 0.010237 0.099386
M2 79 5 20 hmax2 0.0078837 0.002592492 0.01238 0.006918 0.006 0.006845 0.014865 0.005159 0.011151 0.005578 0.006255 0.003686
M3 79 5 20 hmax2 0.0727253 0.041675189 0.009847 0.09162 0.072627 0.169408 0.028553 0.09861 0.012388 0.151129 0.007122 0.085949
M4 79 5 79 hmax2 0.0393079 0.023599216 0.007124 0.100592 0.038184 0.086255 0.022371 0.039802 0.003237 0.047912 0.005708 0.041894
     0 0 0 0 0 0 0 0 0 0 0 0
M0 20 6 20 hmax2 0.145998 0.022012053 0.183131 0.162568 0.17066 0.128798 0.200918 0.121221 0.110624 0.132502 0.124759 0.124799
M1 20 6 20 hmax2 0.033613 0.006196583 0.034463 0.042823 0.041842 0.03531 0.048255 0.024702 0.02993 0.031905 0.022374 0.024526
M2 20 6 20 hmax2 0.1458679 0.022004144 0.183 0.162585 0.170391 0.128214 0.200784 0.121143 0.110679 0.132697 0.124747 0.124439
M3 20 6 20 hmax2 0.0320398 0.007924074 0.039862 0.038503 0.036563 0.024284 0.056202 0.023158 0.024619 0.033163 0.021313 0.022731
M4 20 6 20 hmax2 0.0037578 0.001760787 0.005707 0.005361 0.003804 0.00142 0.00882 0.00192 0.001878 0.005182 0.001796 0.00169
M0 79 6 79 hmax2 0.043947 0.011133536 0.067238 0.04059 0.050349 0.032367 0.05991 0.032993 0.052835 0.028764 0.055599 0.018825
M1 79 6 79 hmax2 0.0627641 0.031396052 0.014291 0.046383 0.066726 0.097344 0.032764 0.051316 0.03848 0.142223 0.016651 0.121463
M2 79 6 20 hmax2 0.014922 0.005184745 0.023616 0.019304 0.021633 0.013634 0.026293 0.008793 0.008594 0.012196 0.005446 0.009711
M3 79 6 20 hmax2 0.0591182 0.02848215 0.016192 0.020713 0.076194 0.106531 0.039012 0.064927 0.032776 0.099881 0.015148 0.119808
M4 79 6 79 hmax2 0.0366151 0.012955634 0.017173 0.018709 0.041753 0.053667 0.044422 0.03608 0.019509 0.039889 0.021631 0.073318
     0 0 0 0 0 0 0 0 0 0 0 0
M0 20 7 20 hmax2 0.1805292 0.021676212 0.176405 0.215468 0.220015 0.147141 0.229038 0.162289 0.150086 0.17223 0.177843 0.154777
M1 20 7 20 hmax2 0.0408189 0.004840778 0.041052 0.046736 0.045286 0.03206 0.053191 0.039952 0.032087 0.041483 0.042405 0.033937
M2 20 7 20 hmax2 0.1803588 0.021631088 0.176238 0.21527 0.22019 0.147223 0.228354 0.161841 0.15013 0.171853 0.178031 0.154458
M3 20 7 20 hmax2 0.0441043 0.007498993 0.048759 0.047969 0.050983 0.042583 0.066816 0.03478 0.036975 0.043171 0.040159 0.028848
M4 20 7 20 hmax2 0.0072217 0.002833015 0.009066 0.014063 0.008058 0.003818 0.012934 0.00758 0.003882 0.00665 0.003373 0.002793
M0 79 7 79 hmax2 0.0548609 0.00895924 0.058309 0.069774 0.064834 0.041003 0.07315 0.049966 0.061748 0.041252 0.050252 0.038321
M1 79 7 79 hmax2 0.0430214 0.021624589 0.019962 0.014729 0.024902 0.06262 0.050945 0.033483 0.014251 0.111455 0.034017 0.06385
M2 79 7 20 hmax2 0.0200054 0.005424371 0.020216 0.026179 0.031322 0.013192 0.031854 0.018611 0.013378 0.019764 0.015395 0.010143
M3 79 7 20 hmax2 0.0467019 0.023122905 0.023112 0.015255 0.048364 0.087698 0.037668 0.033131 0.021331 0.103924 0.016758 0.079778
M4 79 7 79 hmax2 0.0381257 0.017164238 0.017058 0.020169 0.046149 0.070948 0.039634 0.040552 0.011644 0.041663 0.012052 0.081388
     0 0 0 0 0 0 0 0 0 0 0 0
M0 20 8 20 hmax2 0.1933256 0.018129366 0.170315 0.195017 0.248047 0.177673 0.223412 0.201335 0.188302 0.172677 0.186379 0.170099
M1 20 8 20 hmax2 0.0483134 0.006960913 0.043852 0.047638 0.066847 0.04126 0.059168 0.053883 0.052518 0.041718 0.041361 0.034889
M2 20 8 20 hmax2 0.193329 0.018068851 0.170254 0.194237 0.247957 0.177926 0.223198 0.20162 0.188547 0.172966 0.186556 0.170029
M3 20 8 20 hmax2 0.0479701 0.005278293 0.035848 0.04662 0.060357 0.046875 0.059834 0.042587 0.04826 0.04782 0.043894 0.047606
M4 20 8 20 hmax2 0.0102654 0.00515745 0.005235 0.011582 0.028269 0.006828 0.016307 0.007082 0.00858 0.008255 0.006019 0.004497
M0 79 8 79 hmax2 0.0586966 0.006857825 0.05663 0.06294 0.069193 0.061886 0.06606 0.062546 0.065369 0.041889 0.05874 0.041713
M1 79 8 79 hmax2 0.0358618 0.009529086 0.025351 0.018583 0.033666 0.045625 0.03854 0.038571 0.028767 0.035048 0.027693 0.066774
M2 79 8 20 hmax2 0.0237983 0.003857666 0.020659 0.024934 0.035635 0.022352 0.031082 0.021245 0.020245 0.022277 0.020651 0.018903
M3 79 8 20 hmax2 0.0391582 0.008811594 0.031091 0.020408 0.034703 0.048802 0.040964 0.039452 0.027819 0.059621 0.033608 0.055114
M4 79 8 79 hmax2 0.0287906 0.007390544 0.019341 0.012344 0.029617 0.024374 0.026807 0.032217 0.030668 0.031198 0.028978 0.052362
     0 0 0 0 0 0 0 0 0 0 0 0
M0 20 9 20 hmax2 0.2250758 0.019508084 0.203447 0.247705 0.292475 0.211342 0.217639 0.230519 0.222687 0.20289 0.2125 0.209554
M1 20 9 20 hmax2 0.0578215 0.005365508 0.05132 0.056783 0.07032 0.068493 0.06505 0.05756 0.055025 0.051477 0.050107 0.05208
M2 20 9 20 hmax2 0.2251709 0.019550213 0.203958 0.2475 0.292683 0.21107 0.217934 0.230783 0.223476 0.202395 0.212834 0.209076
M3 20 9 20 hmax2 0.0565891 0.005940815 0.049915 0.063355 0.073672 0.064448 0.055586 0.054541 0.050373 0.047186 0.056893 0.049922
M4 20 9 20 hmax2 0.0176267 0.005706695 0.013694 0.027375 0.034034 0.017357 0.013904 0.012856 0.021167 0.014461 0.006344 0.015075
M0 79 9 79 hmax2 0.0637086 0.00663656 0.065856 0.071068 0.079717 0.064247 0.060466 0.072984 0.063836 0.055686 0.053308 0.049918
M1 79 9 79 hmax2 0.0356858 0.008196469 0.039971 0.017133 0.032472 0.033885 0.053495 0.041145 0.021619 0.048899 0.027753 0.040486
M2 79 9 20 hmax2 0.0315301 0.006234266 0.028992 0.045777 0.048706 0.029629 0.02749 0.032116 0.028749 0.024844 0.026439 0.022559
M3 79 9 20 hmax2 0.0317535 0.008647931 0.035815 0.016372 0.031214 0.02678 0.056577 0.025759 0.018749 0.044853 0.026118 0.035298
M4 79 9 79 hmax2 0.0293593 0.009061805 0.011591 0.01556 0.022269 0.043887 0.042998 0.031512 0.013556 0.034944 0.034578 0.042698
     0 0 0 0 0 0 0 0 0 0 0 0
M0 20 10 20 hmax2 0.2426257 0.017681982 0.213022 0.248614 0.304936 0.241271 0.232548 0.240394 0.244104 0.223498 0.22893 0.24894
M1 20 10 20 hmax2 0.0637786 0.005362896 0.055058 0.075181 0.069923 0.07293 0.058228 0.062028 0.062114 0.065962 0.052091 0.064271
M2 20 10 20 hmax2 0.2426737 0.017632144 0.212777 0.248387 0.304882 0.24134 0.233161 0.240459 0.244022 0.223977 0.229021 0.248711
M3 20 10 20 hmax2 0.062645 0.004741695 0.061338 0.061145 0.077133 0.059895 0.06036 0.05511 0.071801 0.060902 0.060771 0.057995
M4 20 10 20 hmax2 0.0185998 0.004506829 0.01673 0.018201 0.034806 0.017263 0.019452 0.018202 0.019646 0.016631 0.010333 0.014734
M0 79 10 79 hmax2 0.0684633 0.00679391 0.061871 0.066853 0.089717 0.076229 0.06425 0.069936 0.073956 0.063991 0.059711 0.058119
M1 79 10 79 hmax2 0.0344798 0.006388554 0.043756 0.025981 0.029927 0.05023 0.036193 0.031114 0.02037 0.033655 0.031039 0.042533
M2 79 10 20 hmax2 0.0357377 0.004580186 0.030219 0.042872 0.049686 0.037149 0.030885 0.031281 0.031153 0.031907 0.033698 0.038527
M3 79 10 20 hmax2 0.0333467 0.008063857 0.049652 0.022754 0.028859 0.025584 0.036214 0.041653 0.024343 0.021858 0.029674 0.052876
M4 79 10 79 hmax2 0.0298202 0.007665826 0.033933 0.015808 0.028023 0.038035 0.041147 0.026029 0.019689 0.015769 0.032666 0.047103
